100
991312703 818140587
656786231 764155324
298121190 772533305
338352336 343915834
372539766 986283416
869774534 705378771
365196576 397839622
553857424 933128642
296259683 827836028
649866812 441620933
925970067 829167436
981359391 758229323
955459627 191525521
736608943 562100546
124400869 793100455
146689213 787834371
923803357 383707651
560695512 223184460
384304036 597242100
693556985 484735440
676456222 870041436
654340796 498927476
117693537 585283772
177501660 426257545
825809538 375693526
939754454 107384114
636780643 264710678
949818674 154519302
393953038 827015769
565447233 373259809
470304555 110967334
181260783 303313195
968139305 179201278
931477644 710550713
460487127 212532125
558481540 815096301
503372836 424749733
983356968 995028624
880279209 245040288
892043624 765261162
103305033 342955066
303342572 328962488
217501695 926013111
925300845 639203640
434328663 239284672
135435589 173874723
769110160 627462602
232239867 895712902
947730429 701048274
155192472 199519751
904026350 357807482
454117729 155953475
826787127 241998514
330876887 532803538
633067914 573637896
572424979 290048520
476630896 469063013
591290838 570983208
915803610 406369231
772718624 862141836
922507606 934411764
345359159 643604325
749270720 925318420
955749873 207255144
248182454 387898641
908703757 328780216
386400172 718586211
799866567 833072313
935164808 460698811
118135160 963504178
885009209 873041523
147412202 181806848
127789897 396180865
147407650 173234200
148681322 288336478
741534080 807257731
458471845 106373940
995031797 284747981
997617722 427226738
765015496 578587258
534482414 819592512
945545701 469525057
546177871 741996851
291209153 656458159
636446406 935245217
997807199 756644805
909230633 292510078
990577220 192547786
627443968 373227248
560685113 167896289
789189405 900244041
880445254 787305221
665687849 109618865
652217152 910505576
215444912 771616560
225097821 143032206
570329233 950848820
390404099 751617997
909117378 336154541
606124015 987249903
