100
36499 40104
75814 21934
88684 2943
63688 19182
71034 19757
95210 572
50000 50000
37583 54023
13403 50583
74324 16176
95662 20
84426 8859
1764 75732
75135 17355
16014 48995
100000 0
90812 5679
55860 34690
82678 16936
50696 22228
60183 19425
88288 3180
18628 32214
99681 195
7 13
62367 35577
54171 29950
22417 8626
37824 9490
95981 624
57025 7699
1 1
16007 35971
2306 52078
70555 4927
19454 63092
73352 18081
71344 18591
76452 13351
88885 3106
53619 9977
39466 15681
33791 51813
40408 42624
998 12
58818 23613
82533 6389
73823 18704
24046 69819
83603 2337
95719 1658
9 11
29910 7601
59540 36291
45871 53970
92763 325
9038 44798
1 0
86549 6287
14401 46864
93424 6259
52933 31692
91388 2050
83487 14454
26996 20778
88436 1856
52967 22634
24373 71635
25964 41310
89807 7750
84029 12987
23884 41559
96652 1790
72470 2981
51157 44196
5964 125
5011 79606
54850 32315
94427 666
61766 28774
90805 8083
50250 34260
59514 16501
21448 21340
48294 20183
0 100000
0 1
9321 9795
33373 207
78080 18989
89341 7009
0 2
2 0
90124 7716
36611 12311
45498 3564
28355 23958
58516 24422
42157 56858
32854 55517
