100
5 1011011 1011111 1010000 1011111 1011011
1 1111111
5 0000000 0000000 0000000 0000100 0000000
4 0001000 0010000 0011010 0011010
1 1011110
5 1011110 1011011 1011111 1010000 1011111
2 0010011 1011001
4 0100001 1101001 1101101 0100000
5 0110000 1111000 1111001 1111001 1110000
5 0100000 1101110 1101010 1101110 1100000
2 1111011 1110000
2 1101000 0110000
5 0010011 0110011 0110001 0100101 0110000
2 0110000 1111100
2 1010111 1010000
2 0100001 1101001
4 1101001 1101001 0100000 1101010
1 0001011
3 0111011 0111111 0110000
1 0110000
4 1011010 1011010 0110010 1111000
3 1111001 1101001 0110000
2 1111010 1111110
1 0110000
3 1111001 1111101 1110000
5 1011001 1001101 0010000 1011100 1011001
1 0011111
3 1010110 1010011 1010111
5 1011101 1011001 0010001 1011001 1001101
5 1010011 0110011 1110001 1100101 0110000
2 1101001 0110000
4 1111010 1111110 1110000 1011110
1 0110000
4 0010111 0010011 0110011 0110001
2 0110010 1111000
1 1010000
5 0110000 1111110 1111010 1111110 1110000
4 0110001 1111001 1101101 0110000
1 1011100
3 1110000 1011100 1011000
3 1110001 1100101 0110000
3 1011011 0110011 1111001
5 1011010 1011010 0110010 1111000 1101000
3 1011011 0110011 1111001
2 1100100 0110000
1 1011000
5 0011011 0011011 0110011 0111001 0101001
1 0100000
4 1011010 1011010 0110010 1111000
2 0101101 0110000
2 1111111 1110000
5 1101001 0100000 1101010 1101011 1101011
2 0010111 0010011
1 0100000
1 0111001
3 0001111 0001011 0100011
4 1101101 0110000 1111100 1111001
1 0111000
3 0110000 0111110 0111011
2 0101100 0110000
4 1011100 1011000 0110000 1111000
4 0110011 0111001 0101101 0110000
4 0011111 0010000 0011111 0011011
5 1110000 1011011 1011011 0110011 1111001
4 1101100 0100000 1101110 1101010
1 1001111
1 0110011
4 0011001 0001101 0010000 0011110
2 0100000 1101110
2 0011101 0011001
5 1001110 1001010 0100010 1101000 1101100
1 0100010
1 1111110
1 1011101
2 1010111 1010011
5 0110000 1110100 1110001 1110101 1110000
2 1001001 1001101
5 0110011 0111001 0101001 0110000 0111010
2 1110000 1011100
5 0110001 1111001 1101001 0110000 1111000
1 0111011
2 1111001 1110000
1 0111010
4 1010000 1011101 1011001 0010001
3 0000011 1001001 1001101
2 1111001 1110000
5 1011011 1011111 1010000 1011111 1011011
2 1101011 1100000
2 0101011 0101111
3 0010000 0011111 0011011
5 0101001 0110000 0111010 0111011 0111011
4 0110000 1111110 1111011 1111111
3 1111010 1110000 1011010
1 1011011
2 1110000 1011001
2 0011111 0011011
1 1111001
1 0100000
1 0110000
5 1010110 1010010 0110010 1110000 1100100
