6
50
487 583 314 707 477 933 321 648 418 913 195 211 126 519 397 867 22 337 404 414 403 718 230 627 398 562 179 600 171 278 361 685 490 775 75 169 323 523 44 310 374 790 164 607 325 697 377 586 263 357 144 350 447 941 308 584 165 359 287 712 394 592 196 555 134 281 432 702 203 340 61 328 13 325 266 644 261 388 352 376 495 596 392 419 180 338 497 917 370 646 221 545 94 469 424 823 324 410 451 780 
25
521
46
612
354
652
278
843
698
567
476
558
710
176
347
571
998
73
96
10
8
687
307
774
242
508

200
898 1637 338 1344 433 1504 199 760 510 645 134 367 308 358 736 876 42 1029 1065 1134 222 1331 649 1194 624 643 176 188 1240 2440 272 750 1226 1862 603 1646 1142 1189 706 794 901 2108 1110 1923 387 1629 996 1748 64 158 844 1904 78 771 1052 1441 444 1504 1009 1246 38 466 887 1568 998 2228 616 1649 1204 1695 549 1553 387 1404 336 1581 444 747 1097 1280 414 723 131 1074 678 1161 628 712 416 1247 1191 1547 682 1094 167 359 442 852 1031 1894 711 1778 993 1878 1010 1567 20 265 326 773 674 716 730 1938 1056 1787 1160 2220 823 1508 1225 2304 784 1795 760 1849 175 1001 282 662 966 1112 271 894 1191 2097 1122 1763 816 2041 868 1019 999 1717 310 400 502 1206 581 1018 213 246 385 1204 838 1642 941 1481 82 706 363 1033 489 1143 481 656 749 925 60 910 22 121 995 2203 437 1307 744 752 789 1354 1007 1535 1004 1374 99 1348 1079 1388 832 973 273 1242 248 1268 1059 1850 195 1180 154 998 924 1627 819 976 2 1021 309 1285 945 1508 995 1833 846 1444 771 1862 480 1171 198 614 1066 1982 294 742 611 1367 1053 1156 314 316 659 1576 288 437 1207 1573 1033 1385 764 911 1249 1943 132 1327 661 1690 1209 1297 1045 1731 158 1345 1212 1660 97 681 1213 1438 1039 1363 662 1479 466 1018 310 599 982 1205 687 1236 1018 1521 542 1318 1169 2359 246 1394 1099 1249 185 540 1041 1467 1034 1056 1176 1352 71 1186 180 898 824 1226 162 176 141 263 977 2037 451 932 948 1422 1012 2108 424 621 1116 1481 1087 2104 1122 1348 321 379 663 1743 36 1137 869 1684 1237 1398 391 810 482 774 683 1251 472 808 391 1454 303 1058 922 2123 441 1038 571 1485 554 798 345 1560 248 399 358 737 851 2019 542 1523 647 1590 701 1694 1102 1151 117 1220 729 1054 308 1181 383 1117 728 1250 829 1095 22 1187 723 983 738 1112 1168 1592 58 1142 643 1551 918 1249 122 1166 145 1062 203 1378 360 1101 947 1149 338 1149 657 1182 
100
1393
1112
1004
1025
1672
1581
358
1498
729
614
1678
2327
992
711
2297
2442
1890
1350
844
2213
1164
1270
482
1511
41
1826
1388
327
679
1490
1276
1245
1254
1769
826
570
1941
1897
1220
2159
1278
1512
324
567
2488
744
124
2490
963
1122
2289
265
1561
2120
1129
1899
1837
504
2376
2423
2225
2193
1766
1553
604
1880
1344
1583
1282
1858
2196
1852
436
414
115
2404
769
1618
933
667
1576
322
2172
48
611
783
2399
2286
1736
163
866
1242
906
66
1560
2112
44
179
1344
1960

500
1 5000 5000 5000 426 2775 1389 3359 1361 3585 1937 3131 106 1370 997 3054 1059 2102 736 845 431 1399 649 809 71 1643 1126 1266 1685 2231 367 2706 1320 2900 1004 1638 2390 3206 1989 2977 932 3053 1844 2445 2116 4482 1564 1710 1537 2754 324 1420 1943 2921 1267 3699 2074 2777 1416 2149 330 2122 1927 1928 1637 2841 935 2130 501 2167 794 1041 2028 3659 1830 3131 2310 2862 2222 3873 1174 1954 14 2015 1306 3163 76 1286 2289 4665 1353 2514 2334 2566 1455 2130 1495 2134 1441 3065 1240 1883 2072 2242 266 486 1345 1663 1777 2356 518 2652 886 2618 2309 2948 89 627 1925 4405 172 2610 1523 2863 40 2347 2220 2301 1942 3658 82 2004 806 1866 2420 3466 1687 3723 1476 3920 1296 1942 1217 2424 25 1925 2 322 1459 3774 653 2792 1942 3345 2308 3926 1897 3504 2462 4552 1174 1206 2074 4305 1423 2711 2302 4661 1457 2746 684 715 1451 2713 2422 4175 1915 1940 299 1862 1661 2363 1986 2015 2273 4706 1431 1738 656 986 1240 2002 342 990 1702 3683 2060 2727 1502 2034 621 1418 711 1598 1939 2492 2078 3003 1063 1426 1618 2902 13 268 2469 4727 2227 3347 716 1355 789 1173 35 2477 396 1961 493 2303 160 610 2199 4516 1771 3333 1875 3103 1539 2148 2485 3907 23 1337 2233 2580 1902 2250 525 1222 150 784 95 1285 261 1492 1514 2324 1443 1781 2274 2438 1439 2378 2106 2961 59 2041 494 1284 1059 2065 266 1983 629 2235 2414 4642 2377 3440 2392 3251 1228 3121 2300 3768 1515 3780 203 2656 2406 4579 2495 2664 158 1659 226 1584 428 2781 2054 3163 56 458 1370 1375 95 1617 1040 1087 1809 4121 1947 4015 1230 2440 2307 4500 672 1233 927 1398 1370 3814 2408 3795 901 1922 1733 2422 800 965 154 835 173 960 41 1940 2219 3830 575 2787 2143 3492 2305 2779 1008 2485 781 1242 1475 2471 1465 3178 348 2397 679 2319 830 1666 464 1829 2214 3826 374 2592 2259 4215 118 1633 2306 3615 2064 4031 1162 3418 556 872 2470 4768 1861 2482 24 1640 259 466 530 1230 1221 2847 1492 2103 1286 2215 2221 4248 7 32 1249 2594 846 2809 108 2040 1181 2014 454 2698 1165 1473 728 952 1839 3222 1684 3799 1986 2434 2297 4748 1431 3867 216 2506 1417 3186 2407 2969 2087 2703 1180 1759 1641 1775 1269 2408 2016 4036 1728 2401 835 2229 750 3151 1847 2179 535 1535 2250 4135 785 1609 1364 1685 2148 4279 142 1045 1782 4087 1036 2200 1819 2172 142 2088 1797 3768 1088 1941 1083 3351 264 1787 60 1647 1025 1306 259 1739 122 675 2078 3142 415 2698 2284 3180 860 2612 1071 3350 2469 3247 222 421 1522 2473 1572 2760 1673 2985 1100 2916 809 2788 1274 3237 1201 1517 206 2400 2111 2464 1591 2430 218 1947 626 3070 240 2083 982 1711 690 2258 262 1311 1485 1803 2310 2808 51 2336 1010 1783 2313 3258 683 1383 904 2510 1812 2858 1472 1596 2470 3159 1929 3240 1620 2307 862 3348 551 914 635 2579 726 1722 2486 3885 1246 1983 1854 4095 2185 2612 1237 3510 2289 4697 477 1205 1064 3264 1858 2501 154 455 266 766 2234 4692 1089 2970 1566 2315 1476 3868 1799 2870 126 1215 2314 2602 1895 4149 1582 4009 1237 3666 174 943 2344 4556 258 2175 493 2019 146 2511 1411 3029 1615 1694 67 1836 639 1126 2382 3575 648 2650 465 1978 2372 4568 1796 2901 628 628 2152 2490 719 995 209 1533 183 235 1704 2127 527 1090 150 1566 1976 2241 1421 2358 1746 2130 1491 3503 597 2863 1566 2232 1746 2263 2255 2950 1124 2050 1116 3094 121 2241 572 1218 1390 1991 1668 2853 370 1461 2033 4499 971 1312 742 3228 1950 4395 1437 2113 631 1801 558 2015 1038 1273 399 2165 1049 1639 434 595 1950 2333 1013 1153 1303 1916 65 2203 1953 2160 2067 3855 1867 3488 76 1468 173 1055 43 1991 1237 2787 1885 2518 2049 3186 1572 3616 1363 3222 2265 3411 1299 1714 1405 2082 1359 1389 2003 3453 1589 1958 924 1966 2157 3813 183 1213 418 1041 809 815 2420 4102 258 753 711 1987 2034 2525 215 1944 263 2333 188 1229 1686 4082 1537 1852 833 2299 2486 3680 805 1321 107 1573 833 833 8 1907 539 2019 1291 2894 210 1648 884 1216 270 2291 716 2808 2208 4292 1853 3434 70 185 2222 2567 1311 2169 2368 4278 692 2258 1709 2829 736 2703 932 1707 1677 2737 1218 1622 344 1887 2468 4621 1914 3554 2199 2376 426 1703 1629 2228 1864 3604 2101 4146 743 1496 1451 1628 2215 2975 2110 4282 1268 1455 2342 4117 1456 1853 1370 2215 1485 3478 783 1706 52 1934 243 1058 1619 3368 1794 3232 612 2721 1099 3039 595 2795 711 1158 2268 4742 1446 1870 1667 1718 1366 2537 215 525 1258 1329 1285 1362 1949 3174 2371 2653 260 326 1799 4210 2182 2201 1410 2055 699 1445 232 466 507 1566 1577 1861 2105 3789 967 3307 408 1299 846 2223 475 1432 1708 3247 2441 2493 779 3214 1459 3150 1780 2723 915 2429 391 2535 41 1766 1653 2085 1057 3415 2313 3180 397 1280 2032 3945 744 2886 1541 2186 188 1843 1901 4298 57 1617 48 1303 2348 4212 2220 3658 1715 3166 1789 3503 226 957 1887 3824 963 2007 581 2478 795 2699 1792 3367 2326 4203 812 2342 569 598 1369 3787 1143 3356 1622 4035 1209 2544 387 530 1464 3310 162 168 2221 2508 1874 2884 1987 3551 1327 2230 1893 2327 857 1290 
500
3938
604
3239
3564
2279
1084
2791
3860
388
3674
970
2260
952
900
46
4523
160
946
389
2402
3591
1965
1165
846
3427
2520
4881
4265
1278
1902
2183
3912
1727
3779
2566
1191
2606
4615
3460
3768
2081
349
2674
4514
4005
4241
4893
4958
3620
3616
2698
4021
4975
4234
2637
974
2744
3626
4229
75
23
4142
4728
4075
311
4137
1470
4787
4028
4782
3380
1133
4868
3648
4888
1098
4823
4500
860
1979
676
1888
2161
3355
3833
3597
4369
1569
3294
727
201
2090
2991
4269
401
1603
236
3756
2322
4579
15
3350
2059
4967
4954
2872
3335
808
482
169
3446
4999
4460
2837
1247
3080
4906
186
3223
1812
3505
3867
4352
3688
2403
3639
1561
1523
1388
4422
366
773
131
2474
612
2787
3535
928
4139
4432
2403
1194
144
1037
487
3389
1918
2856
3269
165
249
1530
2965
1521
3606
2187
941
2113
3146
3096
2417
1716
262
1036
3523
4678
3300
2301
911
2534
2224
4245
3453
2117
1334
1090
2347
2850
180
2903
3366
2179
3539
3312
4542
2686
1992
45
3044
4982
1705
4398
4024
1049
1726
2101
779
1230
3022
3176
1061
4828
3667
3205
572
821
3363
3385
4315
4801
3612
4081
842
815
1355
2906
176
3366
2240
3187
2081
3186
626
2280
4133
3435
1779
1354
3960
4799
1119
3289
1879
3711
4766
683
4741
3374
508
4278
4074
3142
1018
4154
885
2149
2354
11
3110
3621
4076
2162
4451
2826
2992
4658
2604
1988
423
4712
1349
508
1259
867
2624
3002
3591
3027
4708
3261
4116
4559
886
4381
3842
3670
186
2122
1647
343
3926
775
1423
2708
4275
3496
3352
473
265
3977
4952
2723
4438
3569
1277
2467
1627
1211
3369
3777
2115
2517
1169
1222
337
3673
512
3562
1357
4697
2996
2811
3826
4127
893
2279
831
4163
4813
497
1536
4957
3089
1063
3816
3426
3978
3732
1629
4772
520
4113
1745
4018
1244
2359
4952
4271
1608
2768
555
2982
4142
1483
3079
1771
954
557
3882
964
1940
4053
837
3582
1518
1152
3103
3124
2366
1395
4419
122
4128
1736
2743
1745
3444
3463
4087
2611
791
821
2967
949
4225
4962
898
3909
4674
3636
2145
3912
1145
1177
4067
3774
139
2458
2733
722
596
1708
4175
73
590
1200
3619
3420
2659
361
1570
4105
4256
4917
1509
1763
4192
2445
1285
3153
1793
1783
4255
116
3768
155
224
410
2524
2090
1384
400
3953
2818
3102
3205
4036
926
3096
2481
4854
50
2093
2684
415
188
1090
1707
4440
2999
4917
3341
3964
2625
2457
4540
1652
1436
2958
1958
878
2962
4412
2907
3601
1817
3596
3249
1248
310
2155
3492
2512
3158
3588
1049
2696
2167
4321
721
2196
2469
3342
3843
2838
3872
1906
3106
4058
587
2402
1902
2067
1959
2764
4342
767
3438
4997
267
2213
2156
4639
4463
4222
528
2411
2500
3103
2448

150
299 299 426 426 831 831 796 1462 206 1223 1243 1845 1172 1455 109 490 595 950 1058 1930 841 1673 691 884 1099 2320 1232 1505 966 1134 1054 1508 539 659 94 435 1125 1796 79 674 820 1697 504 672 795 1305 403 522 58 645 813 1468 1087 1353 313 1406 109 501 367 1025 1198 1552 497 867 260 570 292 631 788 1914 139 871 961 1551 146 205 133 938 1050 1159 1167 1314 997 2153 124 1196 1080 1593 1117 1487 779 1035 882 1123 1217 1448 748 1558 1042 2158 1151 2028 465 940 134 578 977 1917 1233 2140 1037 1416 470 1434 997 1543 906 1515 41 463 759 1328 973 1429 776 1757 619 1398 112 638 862 1561 259 1502 44 796 32 858 1248 1310 45 914 140 224 749 1231 571 1625 789 1234 896 1047 526 1066 734 1677 678 1058 112 343 42 506 966 1309 975 1740 1099 1374 179 371 49 728 476 653 1109 1245 365 1604 1117 2177 1161 1240 1142 1169 966 1928 644 1128 220 1092 349 573 92 220 352 931 835 1257 609 893 209 1169 198 1064 833 1656 525 1625 1 650 1039 1872 1116 1354 1138 2141 501 1286 870 2030 616 1020 20 672 981 1667 336 1044 599 1429 201 807 574 955 131 1193 592 1360 31 832 275 1025 483 1645 267 561 67 1132 166 311 59 111 1152 1683 727 981 1039 1900 772 1591 674 844 815 1300 929 1614 494 906 602 1552 1148 2029 603 1258 272 1016 405 1375 174 1368 769 807 893 2025 539 585 601 1787 744 1885 821 2027 621 648 940 1095 1007 1778 245 1104 
80
299
339
387
1378
1466
2150
317
1557
1154
382
53
1752
2050
2214
1724
1918
1067
234
1845
475
53
2377
214
1476
1304
825
1541
2337
868
2176
933
596
1209
1570
1907
1822
1992
68
1696
1366
2230
2212
1192
690
207
152
926
1631
2106
331
15
1285
1179
2155
2417
611
172
2422
209
1109
1068
1308
2129
2011
2063
1015
1700
687
1283
757
295
1120
351
1439
2367
2253
1471
1146
1653
831

200
729 1072 779 1786 1246 2459 1296 2479 1119 1728 1169 2114 794 1010 844 1755 455 1117 505 1808 568 734 618 1617 726 1109 776 1804 206 1212 256 1856 1008 1823 1058 2161 658 998 708 1749 976 1320 1026 1910 691 938 741 1719 852 1952 902 2226 503 1282 553 1891 486 1219 536 1859 899 1843 949 2171 686 1112 736 1806 597 1116 647 1808 906 1780 956 2140 836 1683 886 2091 23 388 73 1444 424 1486 474 1993 503 929 553 1714 150 562 200 1531 1063 1212 1113 1856 7 960 57 1730 143 600 193 1550 910 1615 960 2057 790 1742 840 2121 856 1389 906 1944 1223 1894 1273 2197 466 493 516 1496 574 1534 624 2017 464 1228 514 1864 957 1307 1007 1903 956 2149 1006 2324 389 986 439 1743 233 799 283 1649 208 769 258 1634 666 905 716 1702 614 1663 664 2081 871 1810 921 2155 1206 1438 1256 1969 354 513 404 1506 385 1355 435 1927 557 964 607 1732 409 1238 459 1869 213 681 263 1590 967 1500 1017 2000 1087 1688 1137 2094 881 2074 931 2287 656 1764 706 2132 306 1528 356 2014 256 573 306 1536 434 1540 484 2020 897 1936 947 2218 65 534 115 1517 451 985 501 1742 300 363 350 1431 596 1091 646 1795 861 1509 911 2004 1159 2001 1209 2250 628 1617 678 2058 422 1497 472 1998 242 1224 292 1862 563 967 613 1733 960 1796 1010 2148 807 1201 857 1850 214 423 264 1461 861 1058 911 1779 24 1255 74 1877 834 2050 884 2275 1095 1703 1145 2101 490 1035 540 1767 402 1011 452 1755 994 2063 1044 2281 826 1379 876 1939 996 1615 1046 2057 719 1858 769 2179 889 924 939 1712 764 1634 814 2067 374 1060 424 1780 7 793 57 1646 306 772 356 1636 961 2136 1011 2318 1068 1481 1118 1990 425 707 475 1603 247 1396 297 1948 166 702 216 1601 871 1442 921 1971 1149 2055 1199 2277 744 1690 794 2095 1060 1267 1110 1883 900 1480 950 1990 1146 1906 1196 2203 62 1299 112 1899 111 1118 161 1809 851 965 901 1732 866 2055 916 2277 358 1176 408 1838 
150
495
804
1242
2242
1360
2372
180
2443
1233
896
1384
1918
370
902
1974
1481
2112
1328
166
20
2000
1678
78
1640
2444
998
1231
293
2466
1566
684
390
682
1623
2389
1984
189
2311
390
2151
2316
953
1660
389
1711
1005
805
1125
2150
912
780
1297
1170
845
506
619
777
257
1059
709
1027
742
903
554
537
950
737
648
957
887
74
475
554
201
1114
58
194
961
841
907
1274
517
625
515
1008
1007
440
284
259
717
665
922
1257
405
436
608
460
264
1018
1138
932
707
357
307
485
948
116
502
351
647
912
1210
679
473
293
614
1011
858
265
912
75
885
1146
541
453
1045
877
1047
770
940
815
425
58
357
1012
1119
476
298
217
922
1200
795
1111
951
1197
113
162
902
917
409

150
1184 2184 203 1184 531 922 672 829 862 1032 383 1580 1235 1598 615 643 589 1653 1180 1594 303 673 139 491 1099 1640 614 1342 667 1349 986 1505 1013 1511 934 1244 985 1082 643 911 1086 1731 954 1456 721 1303 433 480 977 1743 1195 2353 212 1346 1205 1220 665 1057 1006 1334 1047 1704 1147 1760 22 819 1107 1406 840 1689 563 1720 1163 1363 408 1046 876 906 86 1063 252 763 205 1306 1028 1486 345 1242 721 1759 986 2200 670 1509 785 827 147 1245 160 307 672 1640 1081 2223 648 809 950 1650 269 421 519 1151 963 1595 1105 1902 475 1658 694 848 1167 1504 176 313 686 1298 1010 1191 235 1459 256 987 809 1357 93 122 152 772 122 1247 903 1737 516 822 1242 1989 1116 2205 134 1247 35 389 15 515 397 1146 516 772 970 1510 97 693 209 995 352 609 961 2083 1103 1736 672 1860 350 767 395 1172 728 1411 926 1273 1157 1791 489 1314 571 1200 766 1443 613 653 1187 2027 821 997 1058 1833 887 1411 244 405 1164 1518 1061 1661 842 1176 290 985 168 405 964 1048 874 949 1046 1501 1242 1693 1124 1847 1019 1237 979 1920 210 721 1038 1159 472 1553 744 1740 92 931 556 1144 304 520 1043 1317 75 192 865 1819 77 1116 594 1142 552 577 864 1961 1195 1748 1225 1966 170 779 1201 2348 28 1216 629 1394 855 1361 518 641 342 969 959 1745 150 1053 318 1117 580 858 417 1335 386 836 452 1034 647 1227 1007 1571 247 1009 1 28 312 432 157 1149 1164 2105 228 1119 
80
1184
1598
1383
2411
2422
2354
990
508
1154
1288
2130
1074
707
1939
41
1890
1832
1366
1657
1826
979
1031
2008
141
256
1816
2418
1371
995
2143
463
1434
2100
942
532
1431
1138
1299
1071
385
1993
2021
367
297
579
234
1054
219
639
1161
1414
1368
400
2064
1627
1321
2120
2435
464
1307
1908
1067
102
1182
1341
414
2118
901
765
156
974
1431
2424
2087
1942
688
2343
1620
2429
621

