6
10
37 83 14 57 27 33 21 48 18 63 45 61 26 69 47 67 22 37 4 14 
5
3
15
30
97
98

25
39 93 46 92 107 218 74 189 35 110 94 167 75 119 16 140 41 80 68 143 122 124 84 97 94 113 81 153 119 177 26 66 69 106 50 69 73 144 109 118 22 79 20 98 12 73 17 30 62 78 
25
128
11
127
102
24
245
101
142
27
180
158
247
170
120
26
221
74
94
125
174
149
74
86
201
79

50
1 500 500 500 21 67 112 216 152 180 93 291 67 293 58 268 176 273 71 319 73 169 10 18 187 244 24 266 8 156 239 327 6 189 71 270 61 71 135 269 233 291 50 286 140 182 237 302 69 291 109 258 45 169 19 195 12 252 200 222 228 454 136 239 43 185 47 253 88 239 207 317 63 200 242 488 2 66 94 188 60 138 193 245 139 333 60 69 237 275 178 315 181 429 230 346 33 237 241 290 
50
4
387
267
86
245
194
303
97
433
164
309
131
443
428
483
378
84
166
81
441
106
182
412
167
192
192
160
31
113
211
67
493
385
260
57
270
495
326
197
424
42
480
458
306
231
160
60
323
435
475

15
29 29 34 34 111 111 10 49 75 151 132 312 116 162 121 294 191 247 72 113 116 141 68 169 99 117 110 200 152 156 
8
29
31
287
163
183
135
269
111

20
138 192 188 296 191 281 241 340 182 356 232 378 63 83 113 241 39 43 89 221 181 356 231 378 149 275 199 337 60 110 110 255 172 221 222 310 45 153 95 276 
15
187
170
44
108
89
189
242
233
114
90
232
200
111
223
96

15
165 222 78 165 4 124 49 98 79 88 32 173 23 92 198 368 59 100 195 230 54 248 24 177 19 76 52 121 59 85 
8
165
95
213
245
238
46
248
371

