100
14919921443713777
16035713712910627
470988884881403701
663208457429249320
35417244247309081
18912140357306197
821424692950225218
194148123592167400
169683965173070355
30896151154490161
8152332946963171
26504196177401065
727004545306745403
1000000000000000000
210724372007205925
230839591399678411
139782788180007861
31108559476176585
70640308161049884
919818571896748567
805068181058041870
528077080918778560
3392264354546656
172589956609631527
752116768933572174
278385972618095971
500364605967785712
936501597464173890
5346848976102943
42711799474754936
39739406344976521
96642126154887385
507373618559718949
148522861921131118
5990709545080807
58873926717610501
779668738937986840
34824506845925071
131226544799105148
14500751095055161
541064907662839644
665930169964312773
2854907964745564
151970818238211610
916365355264637559
353896329635329936
625318600331879360
690683275350237133
31899883679471306
99670604181093725
736827088955709913
113836064401097977
8508110325218143
13321050162245608
609649911611389831
46268622795238201
468339557884957084
25965247599543841
381252133354068211
494196153725539231
945648548682242665
19337682799995045
619861907468053901
229239004074282805
386581418747680
610260633162639678
299694296458966143
845078653019833051
373345485670171062
27233228344819564
129023667184858285
83124300916686757
379255974823102021
245249591795535097
43969534069696
66722517469920
9858438270839893
6910943299863520
25717131834499624
92023103018361641
943990493461794871
513767149194597040
112064524403878803
174210760090244515
5811353213141560
85718519097865885
984245729893369243
516227865362638410
106954294285992115
58860842632125700
446401559469368954
900075818947323940
813918209914834753
803117911029730313
130463899351376137
6980452392892987
66613711011280280
311119354403376793
114349900145584129
182859777940000980
