100
4
1332
4
9583
3
616
10
1029384756
98
12231141312113434434132233334443121324232122411113121111242214422133433324344411333413421141232313
92
55838488486585647737476537736533677585545456677378587846756358686744778858487678555757334364
100
3333332322222233323233232222223333323223233222333323322323232232223333222232233332233232232322322223
95
46654345344645536565354364546633345563535633363534356535536365453653436436354553456446366364536
7
9000555
90
663364546454535443554456433653635645534463636445363446634553656644445363454654456463665356
98
84467645563767569798935734977763888839863435859683673653635478843385647494434676988848775937875676
100
0987654321098765432109876543210987654321098765432109876543210987654321098765432109876543210987654321
3
211
96
684677774545343678455655494897833374998389463958466578358938773587688946749643543798838989747843
96
426433536133163442647722656336671215436551056422760334530013327720142347226014571642025646501772
100
9999999999999999999999999999999999999999999999999999999999999999999999999999999999999999999999999999
95
88594494494989666465874847647665689477857698467999666754948944764875784754755896887754787594877
95
36373388757838833865228287466263722676863347763574322664367526866877468822425626277466232633627
99
354445545434354545553433444444334334443454544333333343444443345355543433553534434444353535343454343
99
445444556466456644664455445466465645464565654655554454646545566545546556564454544465454664664565466
90
111112222111111111211122212222111111112211221121221121212112221211211111121211112211122222
97
6128555116128138654464417146851464451886375562856261736256682275362312172261276613487234262564384
94
2322233223332323322332232233322223222323222333332323322222333232233223333223233322232333332222
100
4346635755556636476534544436774673354367344375736667474464753376557466377676573457474474336533744463
3
112
91
7879798898978787788878977898978897777889978787979979898799978777988778979879998799899779789
99
337545556497959967936649376945377897734438539656364387368485543656388955994468436348363385353985438
93
565665655665565655666566666656555655556555666656665565566555655565565556565656666655655666666
99
444444444433333433443434444434434444444434334433334444343433334333333434344343444433444333344344344
94
6557676555655765656756776676665757765676655556665765577757757775667757675565567775566556565667
90
231322132313113321223131231323313232123223122113213211131311223132233223131112332212113233
3
110
2
00
2
01
100
4953256839924268983128257329172588911844921879697236587419133852756321531654483444469681533479411622
100
6293757398575767754219117727978878249583834948484995335726418411197978591415693874949211861377858264
90
443653274222622445324572647227766776346233276335435522533255327473357645645577743666277327
93
866548788574688745844484645546484746878845474858565745675455548578877474776446456665587646456
98
14350352010501243532542504325335325304041533540005100552502510350245253151122554044401311035103010
95
54344848435834873538448658768658877644576634463848684337744374838667635476574878585548347865558
97
6724532362437344764654262473327426645267252476432462666626636564426622664773756336755657772345237
90
453434445535535333455344353545543445343434534343345433545434533443535455433345544434433355
100
0000000000000000000000000000000000000000000000000000000000000000000000000000000000000000000000000000
93
552223434352552533544522243242524235453424332544353235245253254352335445233422252224335452433
94
0000101010100011101101101100100101010000101111101111001101001100000000010000010000101101110101
91
5794499843798748775954565396968836835638334746794598883934783444873834856597769479936368558
97
8999898998988899998889888899998988899999888988989998889898888899889899998988898888888989889988989
91
1101101111111010100100101000001100111111011111001010011101111010000101111010010000001000100
97
2324222221000512610531062031222142601625214164422202600035210325310250130255136310020451623623663
97
3412311232443355255221433353216321361626451646123546132252515654545251323461213423265542421323165
100
0000000000111111111122222222223333333333444444444444444444443333333333222222222211111111110000000000
100
7643635563547635744567553453343456534653764453733374575753356653463437563334663647557735455634666655
94
2221012212022220000221211211212101121102221011102011002220201220001220010122221222220102002210
90
976969777976868969878678978978679999867689697987887889666669999679887979897976676988796986
98
37364657575374654657464757446346364456367657737755644355566353344666546457476665336655736566675643
90
887878766688788678766787667677778776876886866867677777667886676786767667686768888788777687
100
3234312245362634666413211551434351312635426363161321511164526344453622323655242654541213464466213442
97
4756696866555985557764989955579876659794789878758557748949865786579577669588955465889669454894776
100
7317321575460422231733170344143376306660423527167301171224763055142142415270477165412132757763521425
2
10
97
1231232344211343413312433341112131324233321121311244111321442112231143114232421222332344234334143
91
2636246774588762433246353645637768225325372778262344474668866472483355387874534428347636327
98
22122330221300312022222000300202002003030001231312312321221022000012213101131002120333021233011322
97
3563637553645453553445645447463456535763377335465675367655376676773556537545575566667337555573533
96
111001100011011001110000010010100000111001010010101010100110100000110100111011001000000010000011
90
644111067943681607851204617467653056614245769705452863329020561996389143541521223235216801
98
45445445445445454455455555444544545445544444544545444554554545544544545444445455544444455454445455
91
1122134242321413122434314214113221444343211142143334424213213331112141124234312142424223324
94
7178806421578251566436661875772233523684831008016443433606800634370273006173664442858753122767
15
222229888888811
98
56464454977454677958968948754687843363858456984348578484953567776799468795798958697754836333769999
95
01123322011103000212031120132102030000021221330131001100320023231221033200120310321111002201133
97
6666677777677667776676776676667777767667667777677776676767666777676766666777666666667667677776776
91
4044211231030403422431214213331224233431041442040111441410201422204402230201111030012123210
95
64434644355446665664443245625465625645356435223265453546346325324624366363322326344642243545465
90
332213321123321312112222131111113111311321122112123212333222212133311222123113123131321311
100
5488655747663846643373657467734444543544464875687858736866654484567643765767578853784448687473744378
98
37747766436435345777677867376643533776588748435836787536837737354348664754343476883543443885543777
92
22122112122211111221211122122121111211111111212111222212121211122121112121121212121111122111
99
533423278427628786673257832638325738754372272542862846245846644725856284288335342657262837235288486
92
31421434331123423423113311343223221333112334433421424331141123324333344124421313212234432322
94
4455445454444445554455444445544454455554454455444454554545544544555545445545455544544455545555
91
1123224442142413341123134244233123414211133112432311233312423344313114312323222233122313133
3
001
91
1221122212212112221211112122221211111222211122221211121212121221211122211121121122121212212
94
9878887788898777777887778889789899789888778797887999979779888988787977779879798898977787999799
100
1426937929453968597355354835543194517848842965573327454443554267875178831546871123776155739616775782
94
2333232223223232223322322332233333333233322323333322323232222332222233322223333333333222332332
98
02210000001022000010021011210222022202010022002212010200011112102212112112100121022201111101012012
100
8898998999898999988899888889899998999899889999889899889888989988888888899999999989888898889898888898
96
898666968989866777966699977976699769876867977766666877889698996766699766888799666997787797679696
5
19091
94
3232332222233332233322332322322323333223332222233232233332332323222333332233233222323322233222
98
76777767776767767666676677676766666666777776666777676667676667767777666777766666676666776777676676
92
78889988898988987899787997878989979788988887899788877798878997988978788978899988879987887888
100
0123456789012345678901234567890123456789012345678901234567890123456789012345678901234567890123456789
100
2111342142444213332421143232222234421233343114242113414214443321444343341223311344324413114214413422
3
011
90
543534354335355444533453345554333533335445535345543343443445355334354354534555554544535344
97
6846733564648453836853754866776747648468457888575886647486866536358887448487765858456587374433345
