100
4
1332
4
9583
3
616
10
1029384756
5
19091
2
01
97
8456461714471875500744758564130784274650041467337545208271361220340815680871246105548378412857454
96
012111201212201200111101222200022202012201210122100121101012121222101011210111221202220221012022
96
213243411113222423431323323334142121344314321323124413113233222332124234112323212414231233221231
93
656873347573648388543444855863756473355787587876358456566877647744855883734777685585446746757
100
4532832476326911756159792968633184247591737928558111965593344511111159855163999529545912626582663998
95
67677766676777777766777767677777776766766776676767677767667666666777767777766767676667677776767
91
5012001550114223100114151353102115004235554131233433204530453345544452110525515322025033511
96
423232252455353235454422554355423523255234333324254553454253442335244545543225423354544342325224
99
898999898989898889888898899888889998998888898988888889889989999888899998888999898999999889998989988
100
3262571652516475133812742842827781563116574814355483562252765382628666834162166465374662127512278882
100
2502404441214233230141520103135505221512204434555534251151005430412155514413154353113355531152003505
100
6574856533575777565748635465485344383833865575368648468657478443758853488785356554378735538558538387
94
2120121011201211120120020102022200011022212200120210002012012200022201220122010202020112122221
96
878787788778877778887787778787778788877778788878887887778877788878777877788877778787877777787787
2
10
93
212122222211221211122212111112221112122212122111211222111122222211112111212211112122221111222
91
4235366343622254454346226326622345222355322242222643464264436536656635523456536525546564656
94
6765575655775755577757565577565756767676777577776665656677565777677567757655767556755575655755
100
4454322436583379145878599737691278195178238436973585754241135146154524146441382324263743156734576998
97
2121111212122222212212112211211212222111221221112122122222222122112122121122122221222111122112112
100
8687668679666976666687969678877666996888788778999978676869786967887768987877889786686886788999889796
91
2255355043050512514531045214220004400551301440353104401224031200254132515151133300540253030
3
011
99
788897798789988989899787978898878789899997877777798979997779997777999899977987987878988889898998887
91
8998889898999988888989888899898989888998899999998889999898898988888889898889898999999988999
99
475554443376333763776366757656536777445633554567355345465773657567434666435556446335556375574766673
100
0987654321098765432109876543210987654321098765432109876543210987654321098765432109876543210987654321
99
555544455445444554545544444445454554445444554444555454454454555455555555454544545545454555454544455
100
9928752395613721888856552714853849364135876744145682463936343411288712844815279139747759314126619335
100
7758545878165317259985487384733765992987175637634916933635885871113823473457844653479412267426953239
92
45654444656654464455466466546666555454665544664644665556565645465555556544465654645545555564
92
34444454765221156413472346676612327517711625124651653741644217475755342627472311521717244272
94
2536711164575774717264767465421134561512123371263227426374457311752732642527736223512647231534
98
99989787769686676769898968676888766976886868876898697677768679699986878768868676678667997988897888
99
542112553521154131455241543151524515255353333315551251322213554355414331134233235533153212341215133
98
43354533433343543445433554453443554343535344555443345534333335443543435335443454555433444454353453
98
63346656646336663435566553446644556446535546435466434454554546465366665446566444463546355365346533
7
9000555
98
76776575577777575777676775565555557755675757655777755576565667565667576565675757777765776657565775
93
376476365536465754768367586364636338488756357365867578733884484674676666868437574358367374376
95
32030113121233302023012330331323103112033313330021131330301323330021010230322102120130303333233
93
778766667686676877686668886768888767876786786778686676888676667687678677787876688688676888866
92
53212343542252226113341662213562613261321426613363334331621563432546324342253114334512463525
100
6525774662624464366274656534265226424756326754644335465542652273273554542732332425277535457442672265
15
222229888888811
99
346424434131252650320322400130336423305642126246064004143001114333136305141456243305555521401136353
92
98783668484345689636975654367563838494684994687859743565873593867383378973956855433857349877
94
7646456243437571132313714662657417116514133471354555772327137145331122362247174661151215251222
3
112
95
32856727784333357464434463433424768525262844638236374228766585638642887646384276647483374862536
3
001
96
333241333232323342332121431123314442132434444341212234341142213124413311131343241222223114441444
98
43444444344433433444344344434433344333333433434444344433433444443333434444334433444434344334433343
90
757237554642636557872742647282233586366445758181771748366155215562186588146741228148248747
100
4547465448775874877846886887875657777866864464556868867586767875586567584757678455776684765756887857
99
443353353434444445354344455333543355353453533534335535435433535443453434434433555534435554335454343
92
67533355435655675575676647376755545444366757434475366777666374634445537765777566347736436375
92
45834654485577765685588387458777458476855746668648457747554485788663457345774335884546734633
90
323424343433342343222322344434424443433322234222244422222334323333232343422442322242443333
99
223303303310011200203011302210303223302212200032132230121123133113223220303232012303200021301323003
92
33534554353445544353334534545344553454543353333355433354444344343555453455355554455355533453
96
645774475665374463563736757576455476567436643376434553466553677373467754476663663563537543643454
100
0123456789012345678901234567890123456789012345678901234567890123456789012345678901234567890123456789
90
785727883586532847827448226563363598674673534275954466429988722334779753639428826956896248
3
110
95
33213112213221122212231121133121121133231311131221213321212311322131312231331331131312221321213
97
4312224332323313124222122344113121133243411314431121414324423121434332331113412414331221213434214
90
599854649558765465896857487584979659496779467776764459477497945994754496858465846785446849
98
21110122002222201220100212102111201212100112211020120202102012110011220202202210211222222001000201
96
613655142065335662273060271640062330544702675620356205516753736622651753252513674503141276761702
95
02021222102201102102220010001120020010220210121101112000022100020211110112020111111112002121211
100
3211223231313321131112221311331331122333232231332332312331311121313233111131133233223112123132211332
98
36666665335343655533634545553664463563463444644464644536354535446364445653434644555356656656643564
2
00
98
78664575658484644664755764678474545464844674654844474668476678784847548777448756747466784747677588
98
78888877788878787878877788788778788877787887778877777877787788788787878887787888777878788877887887
96
998888899889889898999988989889888889888899888888988989888999888888988899889889899899998998899899
97
5554566547766656557674447574555446456557544577756574477677757744664447466576566455547545657776665
97
8394844975584946948754794889334488834847388594354459757333486835976867568487357348539598893643488
100
0000000000000000000000000000000000000000000000000000000000000000000000000000000000000000000000000000
93
897998898987777797889978978979799988778777978998879889778789998899878888777899978898898999899
92
24324343332243423234323233432342323442234342434243244242444333333323223243422343324344223343
93
345334434345534543554433553453453535555445555543334354455544344345334343555353435534443554435
91
2144312321342243234244142134241342424414224234312311122141144432122144433412334423244424344
3
211
100
0000000000111111111122222222223333333333444444444444444444443333333333222222222211111111110000000000
100
4323432244433423423223323432333323232324232422222332222233234243423422423442323344342334434343233333
98
20211101012110201010110200010210121001002002002200120102101011111022122112201110210021011022112122
90
696934276530323364353835111825064372151264348146349998849515946122063282257717916653962111
97
5554511252335424324444131223354453215452232453111221543424442423555332314413252514113525212113552
100
7998797798797777898889789888888877788779898988989999799988978877997977789979778987778998998987889987
90
486676748654566758884754648674784467464454878684876445578645856475847686784767477855744885
94
9898899988989889899899998989999888998999989898898888999989998888988989889999988988999889899999
100
9999999999999999999999999999999999999999999999999999999999999999999999999999999999999999999999999999
