100
4
1332
4
9583
3
616
10
1029384756
100
5323554121646233545624165556536142253331541461224246515413314131516646124633213431346351255243331622
99
455444566555466566645555446654446645544466564464544454554445556455455565554666466446666556455565464
100
8146222400584477547444645330888382832055768748617402632036323537474514622646180855452850113020323540
100
7889889787989877877798877787999788877788877899977898979877998989997877788998778899999898987778779779
96
543734335643443746776364663767454646746674746646563745475635776446736574363735437646376576576766
97
9776898669688678877978999796969999867868689988798967676986677688688787687778679967969999987776667
99
446665666646774474775475456545456746567544744564567644646544664476565655556455744655464756676454454
96
023021202322102332031333302211132231212322332313230123002232321333031211321121300332123203022210
94
0111021213030223300013132113232100210121302010201101220330201101012112313303110212033203303231
100
0123456789012345678901234567890123456789012345678901234567890123456789012345678901234567890123456789
2
01
91
7776577576557656756676656665777667676657565575665775757577766675577767755565675556557765576
90
323223322232323322223222222333322223232233323332223333323322323332233332332332333232233323
95
24381571534455554044625166584221175474524508821882265011847822224660774327683602056047767837682
93
334333223332332242433234424242424322322444343433223223234342432342344443322243343243444434234
99
001011011100010001011000011001100111000010010100011010000101111001111010000010011111111000110000110
100
0000000000111111111122222222223333333333444444444444444444443333333333222222222211111111110000000000
98
56755577755566575775556655665776675565776556775666557676767576577566657667755555565655767566767557
90
411444412411101021232202014101044424334142422203334142044300401201313014320441410022201142
3
001
97
7073032024264045651352045752676471317266033302550665465745742325542467347524574207450154705257740
99
875746466547738487846752222223674422425844445476658547364322877667345367365577767435462453676727873
98
85444127332737773217663237744627671467254576741238532813236133385464355517147378125444723175888646
90
465544564546645565655454446646654566465545454655566666556456545456556566565655664545555454
99
777667666776766767767677676676677767767677777676667676666676777776666666766677676677667666776766667
94
3223323332222233332322222223332223222322233232232232323232332323232323332232233233333332222323
93
254868627873676453453428538228868852383532523746853877277377673842646465387864325887444263566
7
9000555
90
333322222233333232322232322232333232222222323232232322223332233332222333223322222322322323
90
989988998888999977998887977979799897777978989778989988877799888977788877889989989987778979
100
4158623592164742623718731234773298171561946968622936536775213367341513925653868867586747868165538114
99
788556958433785675889436549657994995878599897797833888995484843766676835956456437893445498598664797
98
66567564746556545546666777575556565565446547744666776445475547646475565656456564776654566464756556
90
123421131213431342432234422241414322212344134122143212322243444224332224122431123132113132
90
555556656666566556556666556565666555565666566556666655566656565665555566666555555565656655
100
6646664454576657655666575554744456465656675545767557457746547474667776677646775774664556456665455547
92
43313142355413312545541511233444355114342514315342152353211241321234151541525325223441531142
92
33222332243334224442343334234432222424334242243424232242224322444434332242442242333222242243
91
1313122131231122101300133131021001111313330301032323112320320332310332020303310221211323021
95
56665655655665555665655556555565566655665556565665566656556565555556655655555655655665665655665
91
0926540569408491500406257298020839379734245123462915645745892786124763154342941434950275899
91
4544444445444445545445445445445455445544554444554555445545454545455544445544545554555445454
96
444345523253542522444424342322434224425334242235453323552354544322234533545224423552434334435423
96
363126366661145161215541422166321751661467651172177337674676653542272577441456577652423232417156
99
697569795686567678799596898567766687789696776856686689656796969788975779699875777666557655898699759
95
53254635645566372254377767733476377356664347225553537742552643543664656746742425564347466637256
98
55435154315335422161242333621233333342231442326345616254412554115452246311323655456336666533422342
96
363176638488847758511663444861861785423678414571611765254266232345328626623634684862672548344132
96
899898988989888998889999899899898988899999998899899989899988888898889998899988989989888899888988
90
222221223323233121322311122112123112133212313231223111213312231113121213113113112121112312
100
6549657556865847769894859486454969776845858869684969565574556476948465895697896988744955479765498888
100
4522895119696263656669497222516794646992955642477379527639476359938337777754421719812343884255452475
98
67669999768878698878969788886689779699787996979967876899677686986798777768889897898777979878787878
100
5337436354365563553567736645543377535564335537757575434465337556445463374675377336744343476457577763
97
7787767678687667868766686687777866767767868787686778877776676877877866867888687786876877867666866
5
19091
92
14323322234122423323322433213322132344431423334321231142343144223424434441324113333434442341
95
33242525174775745431276231145712772217676723671164476332156314371511473234157651554144644154661
91
7568857856676887666585585765758865788887868877578865777758885787885777578558565785777777878
100
0987654321098765432109876543210987654321098765432109876543210987654321098765432109876543210987654321
93
586734277386625614159447374819768414744733915148542623416262659879531775193983841419561889197
3
110
100
4538676143939961618762447419166999729191762183663836211827952686433324423989341616957325653176653626
90
443412304430214101001031200140044021401342120210022121214432004110123223301130304220203221
100
3334223444233234324234433334444342324243434423332344332233323242323342444224244223333423342244243224
99
521856127226747762154272573543328860161704325402420144513572476523464773660424438027003158585514482
92
22452476546654366472272774733662634754264642626757226753226347427665553672723642345566227257
15
222229888888811
95
99898798887988887777778898997987999787889998888988979977788788787979779799777988898989887787997
90
264756664212272347525662217214722555652333257761165217252762273535232312645425147666672625
99
779899789778787979979788887977979998988877988798888979989789779798887797897778889977898988788979889
97
1214514123231545144445525532553222412313451552252413552111115345214551515251441412151352313111243
100
7677537657525657522734555726265233224746437342454352635432755663575573225326626463533464765323232272
91
7056140657617184943661559185488847512833749767170600011188172550497449249865884832280331311
100
1634575867515726767418641447852738121646536215163756665884123835526837471784327268161254251313788366
3
011
99
121333222412421142424141221311443242243312333133313344221434213232111342213341324414344312443212441
100
7267448573423756875513556258268671652843267646557664411788537253571884367315231236676162746653145855
2
00
98
97586858678955966978658868887959596796876678799798995655759968579659697888859665786897778596958786
90
959778667864848879859498556946978447756976689979957496488665678759796888656545676658758684
100
0000000000000000000000000000000000000000000000000000000000000000000000000000000000000000000000000000
100
9999999999999999999999999999999999999999999999999999999999999999999999999999999999999999999999999999
99
115241431141255444323245154514435354542452532354334425343344113552211132215421142112511442151533335
93
441535543123475226421352121711744346717114163447664547323113743647454154634337176766471156217
96
000210210021110000112110122210221120210121110210012100012111200022120010121001102211220120011000
2
10
3
112
99
546546654446555464444544445545455456565544444464466564455666555555456444664444555664645566554464465
90
676777766667676667776776677776767666776766667677766766766767677667667766677777676666667776
92
77667666666767676667767677776666766676676666677767677677666767777767777767767777776767777676
97
3136416161252533514132441342153551531321634114666264562614242635662666213325214333353255232146431
3
211
91
5765766657656777876887857668858555686578557877758775766575655778855886855577687876876685588
97
2112221211121112122121121111212111211121211111122121122212122121122122111121221111122211112112211
91
1863444112371167567647277416124315567783848552186752857757663576746834467152888511644427824
