50
500000 5 85 39 61 72 97 100
500000 167 891 711 270 424 901 981
100000 0 999995001 1 0 10000 10000 1000000000
1 622295210 818961667 0 0 514209038 20631819 960988685
4 484116014 658268577 0 0 551601488 327939466 939080682
1 292232854 896894315 0 0 479061765 299210935 976175136
2 142502304 890235588 0 0 32541867 14121448 968211753
4 753617 882843865 0 0 72063687 624465689 987435521
1000 74657024 163822613 0 0 447425142 549710036 924477972
1000 281439273 961964542 0 0 61829024 639596734 955931073
1000 489295966 770776836 0 0 59732606 196543025 999772851
1000 803421 137144037 0 0 867311301 978625672 947666872
1000 36517779 679716007 0 0 594144585 835909261 967306529
1000 302080834 847224573 262459029 723757896 0 0 982271414
1000 377774953 553846558 294309496 531250518 0 0 982154319
1000 144962014 973489864 489216220 999517491 0 0 919484895
1000 319430434 762359205 639797997 577467273 0 0 972849382
1000 411587588 789855217 328434141 79490465 0 0 928062911
1000 266262474 628300813 769786402 441383498 484186986 723567466 940642240
1000 110352529 411439440 118867344 820027764 410584037 105045030 974963387
1000 29313008 375169227 135772217 28529115 83924639 352208254 982842777
1000 459715330 501130810 577575662 761703058 366391258 528873045 938942796
1000 439877045 674412426 88365719 720944764 593519237 622494146 844429447
1000 164459784 565374209 81049497 898723469 385411789 995041098 949295357
1000 187223497 697668143 56028582 367224336 973091218 14730443 972504359
1000 566209460 992915439 976426103 216773334 916411093 2379812 930701145
1000 140278796 289037769 700773258 435995583 841357022 339859173 981531718
1000 600548978 822748685 899465724 57125379 396503499 895468734 993888553
1000 262105786 287839606 985976333 859135343 732186259 66161028 982221799
1000 19694964 456733741 954341359 652151741 917885354 80946035 986829680
1000 62586094 348871376 276105028 644371240 123596680 128170092 946147730
1000 304110441 475411611 809999364 230978168 404737027 324279512 971648040
1000 7653517 55142560 908697213 693560278 353255692 651404461 946899652
1000 140535925 834996180 611201312 110205601 975311356 248440541 932552527
1000 334188374 921411473 955332558 388472884 16581108 862482734 944855746
1000 24642622 998041333 859095368 812843672 419808410 574445130 952629548
1000 205072304 413823218 664988198 495028229 996564056 209754889 975400156
1000 636667549 678201228 383261331 27290862 965153481 609382711 945647881
1000 517946350 972938742 390538189 854695546 366222472 59837307 982410008
1000 321497817 631904998 84518490 809986614 761347591 903294103 975677723
1000 72898102 211172132 488269818 274994160 233377913 928237751 962660123
474413 178622196 282196639 217454409 333993639 370687882 713045549 967750417
499455 266879862 704083174 621464846 139064822 53955913 968627703 913718057
495531 531547564 796245442 751099374 470238435 828072769 400273742 903386330
497006 227854771 935344149 201903631 337516161 880867662 309656832 943868603
500000 140747090 893149084 11836941 267259828 333735916 794529350 995166050
500000 66992513 426795422 386566889 671424446 621988107 556974781 984598569
500000 503580429 508539367 197990654 368399284 940181094 104854259 927618673
500000 504901682 973731461 636434916 384077141 224831334 730235134 951129510
500000 32185262 326226781 850130543 151076481 20906307 862105217 977403603
