20
4 right
0 0 2 4
0 0 4 8
0 2 16 32
0 2 2 16
4 up
0 0 2 4
0 0 4 8
0 2 16 32
0 0 4 16
4 up
0 0 0 0
0 0 0 0
0 0 0 0
0 0 0 0
4 down
2 2 2 2
2 2 2 2
2 2 2 2
2 2 2 2
4 left
2 2 2 2
2 2 2 2
2 2 2 2
2 2 2 2
4 right
2 2 2 2
2 2 2 2
2 2 2 2
2 2 2 2
4 up
2 2 2 2
2 2 2 2
2 2 2 2
2 2 2 2
4 left
2 2 4 4
2 2 4 4
2 2 4 4
2 2 4 4
4 down
1024 1024 1024 1024
1024 1024 1024 1024
1024 1024 1024 1024
1024 1024 1024 1024
4 left
1024 1024 1024 1024
1024 1024 1024 1024
1024 1024 1024 1024
1024 1024 1024 1024
4 right
1024 1024 1024 1024
1024 1024 1024 1024
1024 1024 1024 1024
1024 1024 1024 1024
4 up
1024 1024 1024 1024
1024 1024 1024 1024
1024 1024 1024 1024
1024 1024 1024 1024
4 up
0 512 512 256
0 0 0 128
0 0 0 2
256 0 0 4
4 right
0 0 512 0
0 0 0 0
128 0 0 0
0 0 0 0
4 right
4 0 4 32
0 0 0 0
2 0 0 64
0 2 0 0
4 right
0 0 0 0
1024 0 0 0
0 0 0 8
2 0 2 0
4 left
0 16 0 4
0 0 1024 4
1024 8 8 1024
4 4 128 1024
4 left
0 16 0 2
128 2 16 128
1024 2 4 256
4 2 0 4
4 down
128 4 0 1024
0 4 2 32
4 4 8 4
4 512 256 4
4 up
0 4 4 0
2 2 128 2
4 4 256 0
8 256 2 4
