Case #1:
0 0 2 4
0 0 4 8
0 2 16 32
0 0 4 16
Case #2:
0 2 2 4
0 0 4 8
0 0 16 32
0 0 4 16
Case #3:
0 0 0 0
0 0 0 0
0 0 0 0
0 0 0 0
Case #4:
0 0 0 0
0 0 0 0
4 4 4 4
4 4 4 4
Case #5:
4 4 0 0
4 4 0 0
4 4 0 0
4 4 0 0
Case #6:
0 0 4 4
0 0 4 4
0 0 4 4
0 0 4 4
Case #7:
4 4 4 4
4 4 4 4
0 0 0 0
0 0 0 0
Case #8:
4 8 0 0
4 8 0 0
4 8 0 0
4 8 0 0
Case #9:
0 0 0 0
0 0 0 0
2048 2048 2048 2048
2048 2048 2048 2048
Case #10:
2048 2048 0 0
2048 2048 0 0
2048 2048 0 0
2048 2048 0 0
Case #11:
0 0 2048 2048
0 0 2048 2048
0 0 2048 2048
0 0 2048 2048
Case #12:
2048 2048 2048 2048
2048 2048 2048 2048
0 0 0 0
0 0 0 0
Case #13:
256 512 512 256
0 0 0 128
0 0 0 2
0 0 0 4
Case #14:
0 0 0 512
0 0 0 0
0 0 0 128
0 0 0 0
Case #15:
0 0 8 32
0 0 0 0
0 0 2 64
0 0 0 2
Case #16:
0 0 0 0
0 0 0 1024
0 0 0 8
0 0 0 4
Case #17:
16 4 0 0
1024 4 0 0
1024 16 1024 0
8 128 1024 0
Case #18:
16 2 0 0
128 2 16 128
1024 2 4 256
4 2 4 0
Case #19:
0 0 0 0
0 4 2 1024
128 8 8 32
8 512 256 8
Case #20:
2 4 4 2
4 2 128 4
8 4 256 0
0 256 2 0
