100
821 455
1548 733
858 291
1595 28
1174 995
1476 454
690 333
1230 896
533 149
1941 1758
1976 339
2000 0
398 93
1659 1028
1894 961
1388 874
1354 1149
1778 1287
886 283
1431 822
679 544
1405 1150
1228 379
1607 1129
1265 457
1885 1572
1451 1348
1712 975
921 494
1966 354
1299 536
1872 874
1831 1125
1101 822
1057 526
1761 639
1111 137
445 425
670 362
1009 737
2000 1
1504 28
1821 560
1521 1373
823 361
836 140
1763 1599
1288 162
417 357
1020 122
1617 1576
1493 780
1868 34
1452 1240
2 1
584 242
1610 1196
1423 1296
975 479
1000 80
1227 1035
1812 260
1875 1294
1882 826
1401 1348
1449 494
1807 512
1118 432
1168 184
1421 980
1265 270
1474 1172
606 556
1 0
1543 124
1935 1383
1969 1150
1394 1223
961 203
1453 318
1979 818
333 302
1830 1041
1163 620
1446 514
1229 1116
1590 1215
990 252
948 918
2000 1999
1077 717
1296 801
1807 370
253 218
789 452
1647 203
1807 15
1503 929
1111 266
1534 564
