100
990 799
622 740
227 749
272 278
309 984
856 675
301 337
509 926
225 810
614 385
918 812
979 734
951 110
710 518
36 772
61 766
916 322
516 145
322 556
662 433
644 857
619 448
29 543
95 368
808 313
933 18
600 191
944 69
333 809
521 310
417 22
99 233
964 97
924 681
406 133
514 796
453 367
981 994
868 169
881 741
13 277
233 261
139 918
917 603
377 163
48 91
746 590
155 885
942 671
70 119
894 293
399 71
809 166
263 486
596 531
529 219
424 415
550 528
907 347
749 848
914 927
279 607
724 917
951 127
173 326
899 261
325 690
779 816
928 406
29 959
873 860
62 99
40 335
62 90
63 217
715 787
404 17
994 213
997 369
741 536
487 801
940 416
500 716
220 622
600 928
997 732
900 221
989 111
590 310
516 84
768 890
868 766
632 20
617 901
136 748
147 57
527 945
329 726
900 269
566 985
