100
6 6 2 1 1 1 1 1
8 6 2 2 1 1 1 1 1 1
8 5 2 2 1 1 1 1 1 1
20 7 2 1 1 1 1 0 0 0 0 0 0 0 0 0 0 0 0 0 0 0
9 6 2 2 2 2 2 2 2 2 2
9 12 2 2 2 2 2 2 2 2 2
2 1 0 0
1 192 5
5 151 4 6 5 4 3
4 134217728 21 7 5 27
9 201 2 6 4 3 4 3 3 4 4
5 267 4 8 4 0 2
9 406 0 3 0 0 5 1 3 8 8
7 2 0 0 1 0 1 1 1
9 241 5 3 7 5 5 5 2 0 7
7 259 3 2 5 7 3 6 1
7 5 2 0 0 2 2 2 0
5 435 7 3 3 3 6
5 277 3 5 0 4 8
5 2 1 1 0 1 1
6 3 1 0 0 1 0 1
6 128 4 1 1 2 6 1
6 4 0 2 0 0 1 1
5 134217728 6 18 21 20 25
5 4 0 0 1 1 2
6 168 5 2 2 7 6 3
5 183 6 5 7 4 4
6 8 3 3 2 0 0 1
5 3 1 1 1 0 1
6 383 3 2 5 0 2 3
7 2048 10 9 2 7 2 3 6
8 1 0 0 0 0 0 0 0 0
9 434 5 8 8 3 4 1 2 2 2
8 310 2 8 5 0 8 8 2 8
9 312 5 3 6 3 5 1 8 1 6
9 404 2 8 4 8 5 3 1 6 0
6 2 0 0 1 0 0 0
8 193 7 1 4 6 4 4 4 6
6 238 1 0 1 6 2 2
7 5 0 0 2 2 0 2 1
9 433 4 3 3 5 2 3 3 4 0
8 8 2 1 1 0 1 3 0 3
7 2 1 1 0 1 0 1 1
6 64 5 2 3 1 4 5
5 256 2 7 6 1 6
9 1 0 0 0 0 0 0 0 0 0
6 281 5 0 6 6 3 7
8 131072 16 11 7 2 11 6 16 1
6 253 7 7 7 6 3 6
6 1 0 0 0 0 0 0
13 2 0 1 1 0 1 0 0 0 1 0 1 1 0
10 5 1 0 1 1 1 0 2 2 1 1
18 536870912 7 13 16 27 29 4 27 17 7 28 29 27 28 27 22 15 9 26
11 319 1 2 4 5 6 5 6 5 4 3 6
19 194 1 6 5 6 7 0 6 7 4 0 3 7 4 7 6 0 2 5 7
10 369 3 6 0 4 5 6 4 4 6 0
16 210 0 4 3 5 4 3 4 5 0 7 0 3 4 4 2 0
12 132 5 2 7 1 1 4 6 6 5 7 7 7
10 5 2 2 2 0 2 2 0 2 0 2
18 64 4 0 6 4 2 5 0 0 1 6 4 1 1 5 4 2 2 6
10 157 1 4 7 7 1 6 2 2 5 5
12 3 1 0 1 0 1 1 0 1 0 0 1 1
19 134217728 22 19 25 1 25 19 24 0 27 24 4 25 24 14 9 12 27 23 20
16 324 4 1 6 2 2 3 2 6 5 2 3 0 1 5 3 5
19 399 2 6 5 4 7 6 7 1 7 3 2 0 1 8 7 3 6 1 0
14 5 2 0 2 1 0 1 0 2 1 1 1 0 2 0
11 1 0 0 0 0 0 0 0 0 0 0 0
19 5 0 2 1 0 1 1 2 0 2 0 1 0 1 1 0 0 1 2 2
13 185 6 2 6 3 5 5 7 4 7 7 7 6 7
13 67108864 10 0 25 23 13 22 10 17 4 3 5 17 20
15 4 0 2 1 1 0 2 2 2 0 0 1 0 1 2 1
15 1048576 19 19 3 18 18 17 20 18 10 8 13 9 18 20 11
15 230 7 4 4 6 7 0 3 2 5 5 4 7 1 3 7
18 184 2 3 1 3 5 5 1 2 0 5 4 0 2 3 2 2 7 2
16 461 7 1 0 5 5 7 1 4 6 0 4 2 2 1 2 2
20 159 1 7 3 7 5 0 0 6 7 7 2 6 6 0 7 2 6 4 6 1
20 150 6 1 3 6 1 2 2 5 1 1 6 0 3 5 7 4 6 5 3 7
20 137 3 2 7 6 4 1 0 6 5 6 1 0 1 3 3 0 0 1 3 3
20 1 0 0 0 0 0 0 0 0 0 0 0 0 0 0 0 0 0 0 0 0
20 5 1 2 1 0 1 1 0 0 0 0 0 1 2 0 2 0 0 2 2 0
20 352 4 5 7 7 5 4 6 6 6 5 3 2 3 6 5 4 7 2 8 3
20 2 0 0 1 1 0 0 0 1 0 1 0 1 1 1 0 1 0 0 0 1
20 163 1 6 0 5 7 5 3 2 6 0 5 3 6 7 3 0 7 3 2 1
20 1 0 0 0 0 0 0 0 0 0 0 0 0 0 0 0 0 0 0 0 0
20 64 4 5 1 4 1 2 3 4 0 0 4 4 6 6 0 1 1 3 3 5
20 1 0 0 0 0 0 0 0 0 0 0 0 0 0 0 0 0 0 0 0 0
20 178 1 3 5 6 7 2 4 4 3 6 0 2 6 5 5 4 7 6 6 5
20 298 8 8 8 8 0 6 8 0 5 1 0 3 7 8 7 7 0 7 5 1
20 232 3 0 4 4 6 6 0 5 7 4 3 6 1 1 4 6 0 3 7 7
20 208 1 0 1 1 3 1 7 6 2 4 6 2 1 7 4 5 2 3 6 4
20 2 0 0 0 0 1 0 1 0 1 0 1 1 0 0 1 0 0 1 0 0
20 221 6 1 7 2 1 4 2 6 6 0 2 4 7 2 3 5 5 1 2 5
20 356 4 0 0 3 6 3 7 8 0 1 4 4 0 2 3 5 6 7 0 6
20 452 5 4 8 5 8 8 4 4 6 6 5 1 3 8 1 5 7 8 0 6
20 178 4 6 0 4 6 4 2 0 7 5 6 3 0 2 5 0 0 7 7 4
20 5 2 2 1 1 0 2 0 1 0 1 2 0 2 2 2 0 0 0 2 1
20 1 0 0 0 0 0 0 0 0 0 0 0 0 0 0 0 0 0 0 0 0
20 386 8 1 5 0 7 2 8 6 4 7 5 8 1 7 5 2 8 3 5 0
20 16777216 22 5 4 13 6 21 10 6 21 23 23 11 2 2 11 7 1 21 9 20
20 3 0 0 0 0 0 0 0 0 0 0 0 1 0 0 1 1 1 1 1 1
