100
3
7 6 5 1 9 8 4 3 2
8 1 9 2 4 3 5 7 6
3 2 4 6 5 7 9 8 1
1 9 8 4 3 2 7 6 5
2 4 3 5 7 6 8 1 9
6 5 7 9 8 1 3 2 4
4 3 2 7 6 5 1 9 8
5 7 6 8 1 9 2 4 3
9 8 1 3 2 4 6 5 7
3
7 9 5 1 3 8 4 6 2
2 1 3 5 4 6 8 7 9
6 8 4 9 2 7 4 5 1
1 3 8 4 6 2 7 9 5
5 4 6 8 7 9 2 1 3
9 2 7 3 5 1 6 8 4
4 6 2 7 9 5 1 3 8
8 7 9 2 1 3 5 4 6
3 5 1 6 8 4 9 2 7
3
4 9 2 7 3 5 1 6 8
8 1 3 2 4 6 5 7 9
6 5 7 9 8 1 3 2 4
7 3 5 1 6 8 4 9 2
2 4 6 5 7 9 8 1 3
9 8 2 3 2 4 6 5 7
1 6 8 4 9 2 7 3 5
5 7 9 8 1 3 2 4 6
3 2 4 6 5 7 9 8 1
3
1 9 5 5 3 8 7 6 2
8 4 6 2 7 9 5 1 3
3 2 7 6 5 1 9 8 4
4 3 8 7 6 2 1 9 5
2 7 9 5 1 3 8 4 6
6 5 1 9 8 4 3 2 7
7 6 2 1 9 5 4 3 8
5 1 3 8 4 6 2 7 9
9 8 4 3 2 7 6 5 1
3
1 6 5 4 9 8 7 3 2
2 7 9 5 1 3 8 4 6
3 8 4 6 2 7 9 5 1
4 9 8 7 3 2 1 6 5
5 1 3 8 4 6 2 7 9
6 2 7 9 5 1 3 8 4
7 3 2 1 6 5 4 9 8
8 4 6 2 7 9 5 1 3
9 5 1 3 8 4 6 2 7
3
7 6 2 1 9 5 4 3 8
5 4 9 8 7 3 2 1 6
3 8 1 6 2 4 9 5 7
1 9 5 4 3 9 7 6 2
8 7 3 2 1 6 5 4 9
6 2 4 9 5 7 3 8 1
4 3 8 7 6 2 1 9 5
2 1 6 5 4 9 8 7 3
9 5 7 3 8 1 6 2 4
3
4 6 8 7 9 2 1 3 5
5 1 3 8 4 6 2 7 9
9 2 7 3 5 1 6 8 4
7 9 2 1 4 5 4 6 8
8 4 6 2 7 9 5 1 3
3 5 1 6 8 4 9 2 7
1 3 5 4 6 8 7 9 2
2 7 9 5 1 3 8 4 6
6 8 4 9 2 7 3 5 1
3
7 6 5 1 9 8 4 3 2
2 4 9 5 7 3 8 1 6
3 8 1 6 2 4 9 5 7
1 9 8 4 3 2 7 6 5
5 7 3 8 1 6 2 4 9
6 2 4 9 5 7 3 8 1
4 3 2 7 6 5 1 9 8
8 1 6 2 4 9 5 7 3
9 5 7 3 8 1 6 2 4
3
1 3 5 4 6 8 7 9 2
2 7 6 5 1 9 8 4 3
9 8 4 3 2 7 6 5 1
4 6 8 7 9 2 1 3 5
5 1 9 8 4 3 2 7 6
3 2 7 6 5 1 9 8 4
7 9 2 1 3 5 4 6 8
8 4 3 2 7 6 5 1 9
6 5 1 9 8 4 3 2 7
3
1 9 8 4 3 2 7 6 5
2 4 6 5 7 9 8 1 3
3 5 7 6 8 1 9 2 4
4 3 2 7 6 5 1 9 8
5 7 9 8 1 3 2 4 6
6 8 1 9 2 4 3 5 7
7 6 5 1 9 8 4 3 2
8 1 3 2 4 6 5 7 9
9 2 4 3 5 7 6 8 1
3
1 3 5 4 6 8 7 9 2
8 7 9 2 1 3 5 4 6
6 2 4 9 5 7 3 8 1
4 6 8 7 9 2 1 3 5
2 1 3 5 4 6 8 7 9
9 5 7 3 8 1 6 2 4
7 9 2 2 3 5 4 6 8
5 4 6 8 7 9 2 1 3
3 8 1 6 2 4 9 5 7
3
4 3 2 7 6 5 1 9 8
5 7 9 8 1 3 2 4 6
6 8 1 9 2 4 3 5 7
7 6 5 1 9 8 4 3 2
8 1 3 2 4 6 5 7 9
9 2 4 3 5 7 6 8 1
1 9 8 4 3 2 7 6 5
2 4 6 5 7 9 8 1 3
3 5 7 6 8 1 9 2 4
3
7 3 8 1 6 2 4 9 5
2 4 6 5 7 9 8 1 3
9 5 1 3 8 4 6 2 7
1 6 2 4 9 5 7 3 8
5 7 9 8 1 3 2 4 6
3 8 4 6 2 7 9 5 1
4 9 5 7 3 8 1 6 2
8 1 3 2 4 6 5 7 9
6 2 7 9 5 1 3 8 4
3
4 9 2 7 3 5 1 6 8
8 1 6 2 4 9 5 7 3
3 5 7 6 8 1 9 2 4
7 3 5 1 6 8 4 9 2
2 4 9 5 7 3 8 1 6
6 8 1 9 2 4 3 5 7
1 6 8 4 9 2 7 3 5
5 7 3 8 1 6 2 4 9
9 2 4 3 5 7 6 8 1
3
1 9 8 4 3 2 7 6 5
5 4 3 8 7 6 2 1 9
6 2 7 9 5 1 3 8 4
4 3 2 7 6 5 1 9 8
8 7 6 2 1 9 5 4 3
9 5 1 3 8 4 6 2 7
7 6 5 1 9 8 4 3 2
2 1 9 5 4 3 8 7 6
3 8 4 6 2 7 9 5 1
3
1 3 8 4 6 2 7 9 5
5 7 6 8 1 9 2 4 3
9 2 4 3 5 7 6 8 1
4 6 2 7 9 5 1 3 8
8 1 9 2 4 3 5 7 6
3 5 7 6 8 1 9 2 4
7 9 5 1 3 8 4 6 2
2 4 3 5 7 6 8 1 9
6 8 1 9 2 4 3 5 7
3
4 6 5 7 9 8 1 3 2
2 1 9 5 4 3 8 7 6
3 8 7 6 2 1 9 5 4
7 9 8 1 3 2 4 6 5
5 4 3 8 7 6 2 1 9
6 2 1 9 5 4 3 8 7
1 3 2 4 6 5 7 9 8
8 7 6 2 1 9 5 4 3
9 5 4 3 8 7 6 2 1
3
7 9 5 1 3 8 4 6 2
8 1 6 2 4 9 5 7 3
3 2 4 6 5 7 9 8 1
1 3 8 4 6 2 7 9 5
2 4 9 5 7 3 8 1 6
6 5 7 9 8 1 3 2 4
4 6 2 7 9 5 1 3 8
5 7 3 8 1 6 2 4 9
9 8 1 3 2 4 6 5 7
3
7 3 2 1 6 5 4 9 8
8 4 6 2 7 9 5 1 3
9 5 1 3 8 4 6 2 7
1 6 5 4 9 8 7 3 2
2 7 9 5 1 3 8 4 6
3 8 4 6 2 7 9 5 1
4 9 8 7 3 2 1 6 5
5 1 3 8 4 6 2 7 9
6 2 7 9 5 1 3 8 4
3
4 9 5 7 3 8 1 6 2
8 1 6 2 4 9 5 7 3
3 2 7 6 5 1 9 8 4
7 3 8 1 6 2 4 9 5
2 4 9 5 7 3 8 1 6
6 5 1 9 8 4 3 2 7
1 6 2 4 9 5 7 3 8
5 7 3 8 1 6 2 4 9
9 8 4 3 2 7 6 5 1
3
353 361 357 356 355 360 359 358 354
354 359 358 357 353 361 360 356 355
355 360 356 358 354 359 361 357 353
356 355 360 359 358 354 353 361 357
357 353 361 360 356 355 354 359 358
358 354 359 361 357 353 355 360 356
359 358 354 353 361 357 356 355 360
360 356 355 354 359 358 357 353 361
361 357 353 355 360 356 358 354 359
3
7 3 8 1 6 2 4 9 5
2 1 9 5 4 3 8 7 6
6 5 4 9 8 7 3 2 1
1 6 2 4 9 5 7 4 8
5 4 3 8 7 6 2 1 9
9 8 7 3 2 1 6 5 4
4 9 5 7 3 8 1 6 2
8 7 6 2 1 9 5 4 3
3 2 1 6 5 4 9 8 7
3
4 3 8 7 6 2 1 9 5
2 1 9 5 4 3 8 7 6
6 5 7 9 8 1 3 2 4
7 6 2 1 9 5 4 3 8
5 4 3 8 7 6 2 1 9
9 8 1 3 2 4 6 5 7
1 9 5 4 3 8 7 6 2
8 7 6 2 1 9 5 4 3
3 2 4 6 5 7 9 8 1
3
1 6 8 4 9 2 7 3 5
5 7 9 8 1 3 2 4 6
3 2 4 6 5 7 9 8 1
4 9 2 7 3 5 1 6 8
8 1 3 2 4 6 5 7 9
6 5 7 9 8 1 3 2 4
7 3 5 1 6 8 4 9 2
2 4 6 5 7 9 8 1 3
9 8 1 3 2 4 6 5 7
3
5 5 5 5 5 5 5 5 5
5 5 5 5 5 5 5 5 5
5 5 5 5 5 5 5 5 5
5 5 5 5 5 5 5 5 5
5 5 5 5 5 5 5 5 5
5 5 5 5 5 5 5 5 5
5 5 5 5 5 5 5 5 5
5 5 5 5 5 5 5 5 5
5 5 5 5 5 5 5 5 5
3
1 3 2 4 6 5 7 9 8
5 7 9 8 1 3 2 4 6
6 8 4 9 2 7 3 5 1
4 6 5 7 9 8 1 3 2
8 1 3 2 4 6 5 7 9
9 2 7 3 5 1 6 8 4
7 9 8 1 3 2 4 6 5
2 4 6 5 7 9 8 1 3
3 5 1 6 8 4 9 2 7
3
7 3 8 1 6 2 4 9 5
5 1 6 8 4 9 2 7 3
9 2 4 3 5 7 6 8 1
1 6 2 4 9 5 7 3 8
8 4 9 2 7 3 5 1 6
3 5 7 6 8 1 9 2 4
4 9 5 7 3 8 1 6 2
2 7 3 5 1 6 8 4 9
6 8 1 9 2 4 3 5 7
3
7 6 5 1 9 8 4 3 2
2 4 9 5 7 3 8 1 6
3 8 1 6 2 4 9 5 7
1 9 8 4 3 2 7 6 5
5 7 3 8 1 6 2 4 9
6 2 4 9 5 7 3 8 1
4 3 2 7 6 5 1 9 8
8 1 6 2 4 9 5 7 3
9 5 7 3 8 1 6 2 4
3
4 6 8 7 9 2 1 3 5
2 7 3 5 1 6 8 4 9
9 5 1 3 8 4 6 2 7
7 9 2 1 3 5 4 6 8
5 1 6 8 4 9 2 7 3
3 8 4 6 2 7 9 5 1
1 3 5 4 6 8 7 9 2
8 4 9 2 7 3 5 1 6
6 2 7 9 5 1 3 8 4
3
1 3 2 4 6 5 7 9 8
5 4 9 8 7 3 2 1 6
6 8 7 9 2 1 3 5 4
4 6 5 7 9 8 1 3 2
8 7 3 2 1 6 5 4 9
9 2 1 3 5 4 6 8 7
7 9 8 1 3 2 4 6 5
2 1 6 5 4 9 8 7 3
3 5 5 6 8 7 9 2 1
3
7 9 8 1 3 2 4 6 5
2 1 6 5 4 9 8 7 3
3 5 4 6 8 7 9 2 1
1 3 2 4 6 5 7 9 8
5 4 9 8 7 3 2 1 6
6 8 7 9 2 1 3 5 4
4 6 5 7 9 8 1 3 2
8 7 3 2 1 6 5 4 9
9 2 1 3 5 4 6 8 7
3
4 3 5 7 6 8 1 9 2
8 1 6 2 4 9 5 7 3
9 2 7 3 5 1 6 8 4
7 6 8 1 9 2 4 3 5
2 4 9 5 7 3 8 1 6
3 5 1 6 8 4 9 2 7
1 9 2 4 3 5 7 6 8
5 7 3 8 1 6 2 4 9
6 8 4 9 2 7 3 5 1
3
1 9 8 4 3 2 7 6 5
5 7 3 8 1 6 2 4 9
6 2 4 9 5 7 3 8 1
4 3 2 7 6 5 1 9 8
8 1 6 2 4 9 5 7 3
9 5 7 3 8 1 6 2 4
7 6 5 1 9 8 4 3 2
2 4 9 5 7 3 8 1 6
3 8 1 6 2 4 9 5 7
3
7 9 8 1 3 2 4 6 5
2 1 3 5 4 6 8 7 9
6 5 4 9 8 7 3 2 1
1 3 2 4 6 5 7 9 8
5 4 6 8 7 9 2 1 3
9 8 7 3 2 1 6 5 4
4 6 5 7 9 8 1 3 2
8 7 9 2 1 3 5 4 6
3 2 1 6 5 4 9 8 7
3
1 6 2 4 9 5 7 3 8
5 7 10 8 1 3 2 4 6
3 8 4 6 2 7 9 5 1
4 9 5 7 3 8 1 6 2
8 1 3 2 4 6 5 7 9
6 2 7 9 5 1 3 8 4
7 3 8 1 6 2 4 9 5
2 4 6 5 7 9 8 1 3
9 5 1 3 8 4 6 2 7
3
24 23 25 18 26 19 21 20 22
22 21 20 25 24 23 19 18 26
26 19 18 20 22 21 23 25 24
18 26 19 21 20 22 24 23 25
25 24 23 19 18 26 22 21 20
20 22 21 23 25 24 26 19 18
21 20 22 24 23 25 18 26 19
19 18 26 22 21 20 25 24 23
23 25 24 26 19 18 20 22 21
3
7 9 5 1 3 8 4 6 2
8 1 6 2 4 9 5 7 3
3 2 4 6 5 7 9 8 1
1 3 8 4 6 2 7 9 5
2 4 9 5 7 3 8 1 6
7 5 7 9 8 1 3 2 4
4 6 2 7 9 5 1 3 8
5 7 3 8 1 6 2 4 9
9 8 1 3 2 4 6 5 7
3
1 9 2 4 3 5 7 6 8
5 4 6 8 7 9 2 1 3
3 8 7 6 2 1 9 5 4
4 3 5 7 6 8 1 9 2
8 7 9 2 1 3 5 4 6
6 2 1 9 5 4 3 8 7
7 6 8 1 9 2 4 3 5
2 1 3 5 4 6 8 7 9
9 5 4 3 8 7 6 2 1
3
1 9 2 4 3 5 7 6 8
5 7 3 8 1 6 2 4 9
6 8 4 9 2 7 3 5 1
4 3 5 7 6 8 1 9 2
8 1 6 2 4 9 5 7 3
9 2 7 3 5 1 6 8 4
7 6 8 1 9 2 4 3 5
2 4 9 5 7 3 8 1 6
3 5 1 6 8 4 9 2 7
3
1 9 5 4 3 8 7 6 2
2 7 6 5 1 9 8 4 3
3 8 4 6 2 7 9 5 1
4 3 8 7 6 2 1 9 5
5 1 9 8 4 3 2 7 6
6 2 7 9 5 1 3 8 4
7 6 2 1 9 5 4 3 8
8 4 3 2 7 6 5 1 9
9 5 1 3 8 4 6 2 7
3
7 3 5 1 6 8 4 9 2
8 1 6 2 4 9 5 7 3
9 2 4 3 5 7 6 8 1
1 6 8 4 9 2 7 3 5
2 4 9 5 7 3 8 1 6
3 5 7 6 8 1 9 2 4
4 9 2 7 3 5 1 6 8
5 7 3 8 1 6 2 4 9
6 8 1 9 2 4 3 5 7
3
1 6 2 4 9 5 7 3 8
5 4 3 8 7 6 2 1 9
9 8 7 3 2 1 6 5 4
4 9 5 7 3 8 1 6 2
8 7 6 2 1 9 5 4 3
3 2 1 6 5 4 9 8 7
7 3 8 1 6 2 4 9 5
2 1 9 5 4 3 8 7 6
6 5 4 9 8 7 3 2 1
3
199 204 197 202 198 200 196 201 203
203 202 201 197 196 204 200 199 198
198 200 196 201 203 199 204 197 202
202 198 200 196 201 203 199 204 197
197 196 204 200 199 198 203 202 201
201 203 199 204 197 202 198 200 196
196 201 203 199 204 197 202 198 200
200 199 198 203 202 201 197 196 204
204 197 202 198 200 196 201 203 199
3
7 3 2 1 6 5 4 9 8
5 1 9 8 4 3 2 7 6
6 8 4 9 2 7 3 5 1
1 6 5 4 9 8 7 3 2
8 4 3 2 7 6 5 1 9
9 2 7 3 5 1 6 8 4
4 9 8 7 3 2 1 6 5
2 7 6 5 1 9 8 4 3
3 5 1 6 8 4 9 2 7
3
1 6 5 4 9 8 7 3 2
2 4 3 5 7 6 8 1 9
9 8 7 3 2 1 6 5 4
4 9 9 7 3 2 1 6 5
5 7 6 8 1 9 2 4 3
3 2 1 6 5 4 9 8 7
7 3 2 1 6 5 4 9 8
8 1 9 2 4 3 5 7 6
6 5 4 9 8 7 3 2 1
3
329 331 327 323 325 330 326 328 324
330 326 328 324 329 331 327 323 325
325 324 323 328 327 326 331 330 329
323 325 330 326 328 324 329 331 327
324 329 331 327 323 325 330 326 328
328 327 326 331 330 329 325 324 323
326 328 324 329 331 327 323 325 330
327 323 325 330 326 328 324 329 331
331 330 329 325 324 323 328 327 326
3
4 6 2 7 9 5 1 4 8
8 1 9 2 4 3 5 7 6
3 5 7 6 8 1 9 2 4
7 9 5 1 3 8 4 6 2
2 4 3 5 7 6 8 1 9
6 8 1 9 2 4 3 5 7
1 3 8 4 6 2 7 9 5
5 7 6 8 1 9 2 4 3
9 2 4 3 5 7 6 8 1
3
5 5 5 5 5 5 5 5 5
5 5 5 5 5 5 5 5 5
5 5 5 5 5 5 5 5 5
5 5 5 5 5 5 5 5 5
5 5 5 5 5 5 5 5 5
5 5 5 5 5 5 5 5 5
5 5 5 5 5 5 5 5 5
5 5 5 5 5 5 5 5 5
5 5 5 5 5 5 5 5 5
3
4 3 5 7 6 8 1 9 2
8 7 6 2 1 9 5 4 3
9 2 1 3 5 4 6 8 7
7 6 8 1 9 2 4 3 5
2 1 9 5 4 3 8 7 6
3 5 4 6 8 7 9 2 2
1 9 2 4 3 5 7 6 8
5 4 3 8 7 6 2 1 9
6 8 7 9 2 1 3 5 4
3
1 6 8 4 9 2 7 3 5
2 7 9 5 1 3 8 4 6
3 5 4 6 8 7 9 2 1
4 9 2 7 3 5 1 6 8
5 1 3 8 4 6 2 7 9
6 8 7 9 2 1 3 5 4
7 3 5 1 6 8 4 9 2
8 4 6 2 7 9 5 1 3
9 2 1 3 5 4 6 8 7
3
7 9 8 1 3 2 4 6 5
2 4 6 5 7 9 8 1 3
3 5 1 6 8 4 9 2 7
1 3 2 4 6 5 8 9 8
5 7 9 8 1 3 2 4 6
6 8 4 9 2 7 3 5 1
4 6 5 7 9 8 1 3 2
8 1 3 2 4 6 5 7 9
9 2 7 3 5 1 6 8 4
3
4 9 5 7 3 8 1 6 2
8 7 3 2 1 6 5 4 9
6 2 1 9 5 4 3 8 7
7 3 8 1 6 2 4 9 5
2 1 6 5 4 9 8 7 3
9 5 4 3 8 7 6 2 1
1 6 2 4 9 5 7 3 8
5 4 9 8 7 3 2 1 6
3 8 7 6 2 1 9 5 4
3
7 3 8 1 6 2 4 9 5
2 1 9 5 4 3 8 7 6
6 5 4 9 8 7 3 2 1
1 6 2 4 9 5 7 3 8
5 4 3 8 7 6 2 1 9
9 8 7 3 2 1 6 5 4
4 9 5 7 3 8 1 6 2
8 7 6 2 1 9 5 4 3
3 2 1 6 5 4 9 8 7
3
4 3 2 7 6 5 1 9 8
5 1 9 8 4 3 2 7 6
6 8 7 9 2 1 3 5 4
7 6 5 1 9 8 4 3 2
8 4 3 2 7 6 5 1 9
9 2 1 3 5 4 6 8 7
1 9 8 4 3 2 7 6 5
2 7 6 5 1 9 8 4 3
3 5 4 6 8 7 9 2 1
3
7 9 2 1 3 5 4 6 8
8 1 3 2 4 6 5 7 9
6 5 4 9 8 7 3 2 1
1 3 5 4 6 8 7 9 2
2 4 6 5 7 9 8 1 3
9 8 7 3 2 1 6 5 4
4 6 8 7 9 2 1 3 5
5 7 9 8 1 3 2 4 6
3 2 1 6 5 4 9 8 7
3
258 260 262 261 263 265 264 266 259
265 261 263 259 264 266 262 258 260
266 259 264 260 262 258 263 265 261
261 263 265 264 266 259 258 260 262
259 264 266 262 258 260 265 261 263
260 262 258 263 265 261 266 259 264
264 266 259 258 260 262 261 263 265
262 258 260 265 261 263 259 264 266
263 265 261 266 259 264 260 262 258
3
4 6 5 7 9 8 1 3 2
2 1 3 5 4 6 8 7 9
9 8 7 3 2 1 6 5 4
7 9 8 1 3 2 4 6 5
5 4 6 8 7 9 2 1 3
3 2 1 6 5 4 9 8 7
1 3 2 4 6 5 7 9 8
8 7 9 2 1 3 5 4 6
6 5 4 9 8 7 3 2 1
3
1 9 8 4 3 2 7 6 5
2 4 6 5 7 9 8 1 3
3 5 7 6 8 1 9 2 4
4 3 2 7 6 5 1 9 8
5 7 9 8 1 3 2 4 6
6 8 1 9 2 4 3 5 7
7 6 5 1 9 8 4 3 2
8 1 3 2 4 6 5 7 9
9 2 4 3 5 7 6 8 1
3
1 9 8 4 3 2 7 6 5
2 4 3 5 7 6 8 1 9
6 5 7 9 8 1 3 2 4
4 3 2 7 6 5 1 9 8
5 7 6 8 1 9 2 4 3
9 8 1 3 2 4 6 5 7
7 6 5 1 9 8 4 3 2
8 1 9 2 4 3 5 7 6
3 2 4 6 5 7 9 8 1
3
4 6 8 7 9 2 1 3 5
2 1 9 5 4 3 8 7 6
3 5 7 6 8 1 9 2 4
7 9 2 1 3 5 4 6 8
5 4 3 8 7 6 2 1 9
6 8 1 9 2 4 3 5 7
1 3 5 4 6 8 7 9 2
8 7 6 2 1 9 5 4 3
9 2 4 3 5 7 6 8 1
3
4 3 2 7 6 5 1 9 8
5 1 9 8 4 3 2 7 6
6 8 7 9 2 1 3 5 4
7 6 5 1 9 8 4 3 2
8 4 3 2 7 6 5 1 9
9 2 1 3 5 4 6 8 7
1 9 8 4 3 2 7 6 5
2 7 6 5 1 9 8 4 3
3 5 4 6 8 7 9 2 1
3
1 3 5 4 6 8 7 9 2
2 7 9 5 1 3 8 4 6
6 8 4 9 2 7 3 5 1
4 6 8 7 9 2 1 3 5
5 1 3 8 4 6 2 7 9
9 2 7 3 5 1 6 8 4
7 9 2 1 3 5 4 6 8
8 4 6 2 7 9 5 1 3
3 5 1 6 8 4 9 2 7
3
4 3 5 7 6 8 1 9 2
2 1 6 5 4 9 8 7 3
9 8 7 3 2 1 6 5 4
7 6 8 1 9 2 4 3 5
5 4 9 8 7 3 2 1 6
3 2 1 6 5 4 9 8 7
1 9 2 4 3 5 7 6 8
8 7 3 2 1 6 5 4 9
6 5 4 9 8 7 3 2 1
3
4 9 8 7 3 2 1 6 5
5 1 6 8 4 9 2 7 3
3 2 7 6 5 1 9 8 4
7 3 2 1 6 5 4 9 8
8 4 9 2 7 3 5 1 6
6 5 1 9 8 4 3 2 7
1 6 5 4 9 8 7 3 2
2 7 3 5 1 6 8 4 9
9 8 4 3 2 7 6 5 1
3
272 268 267 266 271 270 269 274 273
270 266 271 273 269 274 267 272 268
274 273 269 268 267 272 271 270 266
266 271 270 269 274 273 272 268 267
273 269 274 267 272 268 270 266 271
268 267 272 271 270 266 274 273 269
269 274 273 272 268 267 266 271 270
267 272 268 270 266 271 273 269 274
271 270 266 274 273 269 268 267 272
3
7 6 5 1 9 8 4 3 2
8 4 3 2 7 6 5 1 9
9 2 1 3 5 4 6 8 7
1 9 8 4 3 2 7 6 5
2 7 6 5 1 9 8 4 3
3 5 4 6 8 7 9 2 1
4 3 2 7 6 5 1 9 8
5 1 9 8 4 3 2 7 6
6 8 7 9 2 1 3 5 4
3
4 3 5 7 6 8 1 9 2
8 7 6 2 1 9 5 4 3
9 2 1 3 5 4 6 8 7
7 6 8 1 9 2 4 3 5
2 1 9 5 4 3 8 7 6
3 5 4 6 8 7 9 2 1
1 9 2 4 3 5 7 6 8
5 4 3 8 7 6 2 1 9
6 8 7 9 2 1 3 5 4
3
274 282 278 277 276 281 280 279 275
281 280 279 275 274 282 278 277 276
276 275 277 279 278 280 282 281 274
277 276 281 280 279 275 274 282 278
275 274 282 278 277 276 281 280 279
279 278 280 282 281 274 276 275 277
280 279 275 274 282 278 277 276 281
278 277 276 281 280 279 275 274 282
282 281 274 276 275 277 279 278 280
3
4 9 5 7 3 8 1 6 2
2 1 6 5 4 9 8 7 3
3 8 7 6 2 1 9 5 4
7 3 8 1 6 2 4 9 5
5 4 9 8 7 3 2 1 6
6 2 1 9 5 4 3 8 7
1 6 2 4 9 5 7 3 8
8 7 3 2 1 6 5 4 9
9 5 4 3 8 7 6 2 1
3
7 6 2 1 9 5 4 3 8
5 4 9 8 7 3 2 1 6
3 8 1 6 2 4 9 5 7
1 9 5 4 3 8 7 6 2
8 7 3 2 1 6 5 4 9
6 2 4 9 5 7 3 8 1
4 3 8 7 6 2 1 9 5
2 1 6 5 4 9 8 7 3
9 5 7 3 8 1 6 2 4
3
4 6 8 7 9 2 1 3 5
2 7 9 5 1 3 8 4 6
3 5 1 6 8 4 9 2 7
7 9 2 1 3 5 4 6 8
5 1 3 8 4 6 2 7 9
6 8 4 9 2 7 3 5 1
1 3 5 4 6 8 7 9 2
8 4 6 2 7 9 5 1 3
9 2 7 3 5 1 6 8 4
3
1 3 8 4 7 2 7 9 5
2 7 9 5 1 3 8 4 6
6 5 4 9 8 7 3 2 1
4 6 2 7 9 5 1 3 8
5 1 3 8 4 6 2 7 9
9 8 7 3 2 1 6 5 4
7 9 5 1 3 8 4 6 2
8 4 6 2 7 9 5 1 3
3 2 1 6 5 4 9 8 7
3
4 9 5 7 3 8 1 6 2
8 1 3 2 4 6 5 7 9
6 2 7 9 5 1 3 8 4
7 3 8 1 6 2 4 9 5
2 4 6 5 7 9 8 1 3
9 5 1 3 8 4 6 2 7
1 6 2 4 9 5 7 3 8
5 7 9 8 1 3 2 4 6
3 8 4 6 2 7 9 5 1
3
4 9 8 7 3 2 1 6 5
2 7 3 5 1 6 8 4 9
6 5 1 9 8 4 3 2 7
7 3 2 1 6 5 4 9 8
5 1 6 8 4 9 2 7 3
9 8 4 3 2 7 6 5 1
1 6 5 4 9 8 7 3 2
8 4 9 2 7 3 5 1 6
3 2 7 6 5 1 9 8 4
3
4 3 2 7 6 5 1 9 8
5 1 9 8 4 3 2 7 6
6 8 7 9 2 1 3 5 4
7 6 5 1 9 8 4 3 2
8 4 3 2 7 6 5 1 9
9 2 1 3 5 4 6 8 7
1 9 8 4 3 2 7 6 5
2 7 6 5 1 9 8 4 3
3 5 4 6 8 7 9 2 1
3
1 6 8 4 9 2 7 3 5
2 7 3 5 1 6 8 4 9
9 5 4 3 8 7 6 2 1
4 9 2 7 3 5 1 6 8
5 1 6 8 4 9 2 7 3
3 8 7 6 2 1 9 5 4
7 3 5 1 6 8 4 9 2
8 4 9 2 7 3 5 1 6
6 2 1 10 5 4 3 8 7
3
236 235 240 239 238 234 233 241 237
237 239 238 240 233 241 234 236 235
241 234 233 235 237 236 238 240 239
239 238 234 233 241 237 236 235 240
240 233 241 234 236 235 237 239 238
235 237 236 238 240 239 241 234 233
233 241 237 236 235 240 239 238 234
234 236 235 237 239 238 240 233 241
238 240 239 241 234 233 235 237 236
3
4 3 2 7 6 5 1 9 8
8 7 9 2 1 3 5 4 6
6 5 1 9 8 4 3 2 7
7 6 5 1 9 8 4 3 2
2 1 3 5 4 6 8 7 9
9 8 4 3 2 7 6 5 1
1 9 8 4 3 2 7 6 5
5 4 6 8 7 9 2 1 3
3 2 7 6 5 1 9 8 4
3
4 6 5 7 9 8 1 3 2
2 1 9 5 4 3 8 7 6
3 8 7 6 2 1 9 5 4
7 9 8 1 3 2 4 6 5
5 4 3 8 7 6 2 1 9
6 2 1 9 5 4 3 8 7
1 3 2 4 6 5 7 9 8
8 7 6 2 1 9 5 4 3
9 5 4 3 8 7 6 2 1
3
4 3 8 7 6 2 1 9 5
5 7 9 8 1 3 2 4 6
6 2 1 9 5 4 3 8 7
7 6 2 1 9 5 4 3 8
8 1 3 2 4 6 5 7 9
9 5 4 3 8 7 6 2 1
1 9 5 4 3 8 7 6 2
2 4 6 5 7 9 8 1 3
3 8 7 6 2 1 9 5 4
3
1 9 8 4 3 2 7 6 5
5 7 6 8 1 9 2 4 3
3 2 4 6 5 7 9 8 1
4 3 2 7 6 5 1 9 8
8 1 9 2 4 3 5 7 6
6 5 7 9 8 1 3 2 4
7 6 5 1 9 8 4 3 2
2 4 3 5 7 6 8 1 9
9 8 1 3 2 4 6 5 7
3
1 3 2 4 6 5 7 9 8
8 4 6 2 7 9 5 1 3
9 5 7 3 8 1 6 2 4
4 6 5 7 9 8 1 3 2
2 7 9 5 1 3 8 4 6
3 8 1 6 2 4 9 5 7
7 9 8 1 3 2 4 6 5
5 1 3 8 4 6 2 7 9
6 2 4 9 5 7 3 8 1
3
303 311 310 306 305 304 309 308 307
307 309 308 310 303 311 304 306 305
305 304 306 308 307 309 311 310 303
306 305 304 309 308 307 303 311 310
310 303 311 304 306 305 307 309 308
308 307 309 311 310 303 305 304 306
309 308 307 303 311 310 306 305 304
304 306 305 307 309 308 310 303 311
311 310 303 305 304 306 308 307 309
3
5 7 3 8 10 6 2 4 9
6 2 10 9 5 4 3 8 7
4 9 8 7 3 2 10 6 5
8 10 6 2 4 9 5 7 3
9 5 4 3 8 7 6 2 10
7 3 2 10 6 5 4 9 8
2 4 9 5 7 3 8 10 6
3 8 7 6 2 10 9 5 4
10 6 5 4 9 8 7 3 2
3
1 6 8 4 9 2 7 3 5
2 7 9 5 1 3 8 4 6
3 5 4 6 8 7 9 2 1
4 9 2 7 3 5 1 6 8
5 1 3 8 4 6 2 7 9
6 8 7 9 2 1 3 5 4
7 3 5 1 6 8 4 9 2
8 4 6 2 7 9 5 1 3
9 2 1 3 5 4 6 8 7
3
4 6 5 7 9 8 1 3 2
8 1 3 2 4 6 5 7 9
9 2 7 3 5 1 6 8 4
7 9 8 1 3 2 4 6 5
2 4 6 5 7 9 8 1 3
3 5 1 6 8 4 9 2 7
1 3 2 4 6 5 7 9 8
5 7 9 8 1 3 2 4 6
6 8 4 9 2 7 3 5 1
3
7 9 8 1 3 2 4 6 5
2 1 6 5 4 9 8 7 3
3 5 4 6 8 7 9 2 1
1 3 2 4 6 5 7 9 8
5 4 9 8 7 3 2 1 6
6 8 7 9 2 1 3 5 4
4 6 5 7 9 8 1 3 2
8 7 3 2 1 6 5 4 9
9 2 1 3 5 4 6 8 7
3
1 3 5 4 6 8 7 9 2
8 7 9 2 1 3 5 4 6
6 2 4 9 5 7 3 8 1
4 6 8 7 9 2 1 3 6
2 1 3 5 4 6 8 7 9
9 5 7 3 8 1 6 2 4
7 9 2 1 3 5 4 6 8
5 4 6 8 7 9 2 1 3
3 8 1 6 2 4 9 5 7
3
4 3 8 7 6 2 1 9 5
2 7 9 5 1 3 8 4 6
6 5 1 9 8 4 3 2 7
7 6 2 1 9 5 4 3 8
5 1 3 8 4 6 2 7 9
9 8 4 3 2 7 6 5 1
1 9 5 4 3 8 7 6 2
8 4 6 2 7 9 5 1 3
3 2 7 6 5 1 9 8 4
3
1 6 2 4 9 5 7 3 8
5 4 3 8 7 6 2 1 9
9 8 7 3 2 1 6 5 4
4 9 5 7 3 8 1 6 2
8 7 6 2 1 9 5 4 3
3 2 1 6 5 4 9 8 7
7 3 8 1 6 2 4 9 5
2 1 9 5 4 3 8 7 6
6 5 4 9 8 7 3 2 1
3
7 3 5 1 6 8 4 9 2
8 1 9 2 4 3 5 7 6
6 2 4 9 5 7 3 8 1
1 6 8 4 9 2 7 3 5
2 4 3 5 7 6 8 1 9
9 5 7 3 8 1 6 2 4
4 9 2 7 3 5 1 6 8
5 7 6 8 1 9 2 4 3
3 8 1 6 2 4 9 5 7
3
1 9 2 4 3 5 7 6 8
5 7 3 8 1 6 2 4 9
6 8 4 9 2 7 3 5 1
4 3 5 7 6 8 1 9 2
8 1 6 2 4 9 5 7 3
9 2 7 3 5 1 6 8 4
7 6 8 1 9 2 4 3 5
2 4 9 5 7 3 8 1 6
3 5 1 6 8 4 9 2 7
3
1 9 2 4 3 5 7 6 8
5 7 3 8 1 6 2 4 9
6 8 4 9 2 7 3 5 1
4 3 5 7 6 8 1 9 2
8 1 6 2 4 9 5 7 3
9 2 7 3 5 1 6 8 4
7 6 8 1 9 2 4 3 5
2 4 9 5 7 3 8 1 6
3 5 1 6 8 4 9 2 7
3
7 6 2 1 9 5 4 3 8
8 1 3 2 4 6 5 7 9
9 5 4 3 8 7 6 2 1
1 9 5 4 3 8 7 6 2
2 4 6 5 7 9 8 1 3
3 8 7 6 2 1 9 5 4
4 3 8 7 6 2 1 9 5
5 7 9 8 1 3 2 4 6
6 2 1 9 5 4 3 8 7
3
7 6 5 1 9 8 4 3 2
8 4 9 2 7 3 5 1 6
3 2 1 6 5 4 9 8 7
1 9 8 4 3 2 7 6 5
2 7 3 5 1 6 8 4 9
6 5 4 9 8 7 3 2 1
4 3 2 7 6 6 1 9 8
5 1 6 8 4 9 2 7 3
9 8 7 3 2 1 6 5 4
3
4 6 5 7 9 8 1 3 2
2 1 3 5 4 6 8 7 9
9 8 7 3 2 1 6 5 4
7 9 8 1 3 2 4 6 5
5 4 6 8 7 9 2 1 3
3 2 1 6 5 4 9 8 7
1 3 2 4 6 5 8 9 8
8 7 9 2 1 3 5 4 6
6 5 4 9 8 7 3 2 1
3
7 3 5 1 6 8 4 9 2
8 4 9 2 7 3 5 1 6
6 2 1 9 5 4 3 8 7
1 6 8 4 9 2 7 3 5
2 7 3 5 1 6 8 4 9
9 5 4 3 8 7 6 2 1
4 9 2 7 3 5 1 6 8
5 1 6 8 4 9 2 7 3
3 8 7 6 2 1 9 5 4
3
7 9 5 1 3 8 4 6 2
8 4 6 2 7 9 5 1 3
3 2 1 6 5 4 9 8 7
1 3 8 4 6 2 7 9 5
2 7 9 5 1 3 8 4 6
6 5 4 9 8 7 3 2 1
4 6 2 7 9 5 1 3 8
5 1 3 8 4 6 2 7 9
9 8 7 3 2 1 6 5 4
3
7 9 2 1 3 5 4 6 8
5 1 6 8 4 10 2 7 3
3 8 4 6 2 7 9 5 1
1 3 5 4 6 8 7 9 2
8 4 9 2 7 3 5 1 6
6 2 7 9 5 1 3 8 4
4 6 8 7 9 2 1 3 5
2 7 3 5 1 6 8 4 9
9 5 1 3 8 4 6 2 7
3
7 6 8 1 9 2 4 3 5
5 1 3 8 4 6 2 7 9
9 2 4 3 5 7 6 8 1
1 9 2 4 3 5 7 6 8
8 4 6 2 7 9 5 1 3
3 5 7 6 8 1 9 2 4
4 3 5 7 6 8 1 9 2
2 7 9 5 1 3 8 4 6
6 8 1 9 2 4 3 5 7
